-0.05825432
-0.02077910
0.11438174
0.09705522
0.03574521
0.00484328
0.11470825
-0.00392346
0.11963512
0.05956210
0.07254068
-0.07210863
-0.02707681
-0.09799068
-0.05204103
-0.13376689
0.01794874
0.08325402
0.05024282
0.08326972
0.09513792
-0.07098927
-0.08063409
0.05433953
-0.08732750
0.00026514
-0.05568869
0.00672951
-0.02070926
-0.07602809
0.08549704
0.09101438
0.00814888
0.05474144
0.00229718
0.01989233
0.02187295
-0.05444800
0.04868572
0.03142413
0.05864472
-0.06603739
0.00821321
-0.03097718
0.11468311
0.12132055
-0.01345339
0.01515966
-0.06164497
-0.05228617
0.06223863
-0.03574467
-0.06981153
-0.03920780
0.00849001
-0.08167705
-0.04494232
0.03568421
-0.06817321
0.05095314
-0.02309410
-0.01929790
0.06286019
0.01502265
-0.01594267
0.02845106
-0.00470376
-0.08987099
-0.02954480
0.08350318
-0.09568722
0.04759908
-0.00641327
-0.04823279
0.08412968
-0.00991787
0.02875872
0.08545931
-0.09861481
0.11885984
0.05745910
0.02890115
0.03270350
-0.03312223
-0.03381892
-0.09408789
0.05243763
0.11480089
0.01648317
-0.01717855
0.05295591
0.02599391
0.03002396
-0.02360511
0.03522257
0.06253152
0.10012646
-0.01722861
-0.06139441
-0.06871611
-0.05799280
0.05850796
-0.02047179
0.04642401
0.02337981
-0.11505990
-0.02748054
0.00072496
-0.08120304
-0.02472369
-0.01075224
-0.00242634
-0.06577628
-0.05597921
0.02935427
-0.02604712
0.00241548
0.02965925
-0.00062257
0.04486926
0.06769589
0.09611020
-0.00851430
0.04577008
-0.02149408
0.02055084
-0.04792240
0.01037720
-0.08195720
0.11843779
0.01190031
-0.02136326
-0.08420125
0.08366240
-0.04005385
0.01925400
-0.07311697
0.03533803
-0.04140092
-0.03465175
-0.03886653
0.07925282
0.06102422
0.10421709
-0.05489569
-0.11697707
0.05209146
-0.01284138
0.09720000
0.10640766
-0.07124738
-0.09653672
-0.11324315
-0.08577786
-0.08109417
0.10043540
0.03706563
0.11289357
0.02980076
-0.00783994
-0.03029316
0.04696707
0.05628512
-0.10441146
-0.01744654
-0.00969315
0.08628291
-0.01177448
0.01878631
-0.07010145
-0.00633688
0.07054718
0.05512974
-0.05355655
0.06269764
-0.05002723
0.10944196
-0.00295704
-0.05896178
0.04064611
-0.00188899
-0.06403553
-0.03070220
0.12357911
-0.05485940
0.01667380
0.03935698
0.05210930
0.05857676
0.01052156
0.00445476
0.01567199
0.01028126
0.04617780
0.05474971
-0.11111694
0.12031122
0.05201717
-0.02074250
0.03765754
0.11995103
-0.00930006
-0.03633716
0.04524412
0.02050346
-0.05515109
-0.01767907
0.04927275
0.06608552
0.09493099
-0.05092331
-0.08224092
0.03819412
-0.04021477
0.07733312
0.04430395
0.02524223
0.05714814
-0.03558650
-0.02553855
0.06155141
-0.02732563
-0.08720886
-0.12838063
0.05116000
0.09243815
-0.07793456
0.06887355
-0.00296463
0.04345399
0.05739754
-0.03744078
-0.01345272
0.04097548
0.00703643
0.05101125
0.00185075
0.01968415
-0.12911341
0.04964215
0.07293788
-0.09330127
0.08076036
0.02347824
-0.02391060
-0.09367245
0.06225968
-0.06665699
-0.12079378
-0.08259469
-0.08922898
-0.04075420
0.09811068
-0.05109276
0.05089435
0.08112445
-0.01614524
-0.03645809
-0.02484629
0.00200962
0.06404982
-0.21820658
0.12085211
0.06930885
-0.06624872
0.00476291
-0.10857753
0.13543557
0.01205657
-0.03552218
0.00769805
0.07859871
-0.18365575
-0.07314690
0.12624301
-0.24358338
-0.14392394
-0.02596165
0.03919198
-0.12731668
-0.04818895
-0.11037374
-0.14826098
-0.24304028
-0.00376555
-0.04658217
0.09860631
-0.06317452
0.02728605
-0.03335571
-0.14656800
-0.00935429
0.17460670
-0.04340476
-0.11222436
-0.19800670
-0.13701232
0.06549930
-0.09175353
-0.14785193
-0.10266792
0.10829367
0.17970324
-0.23055618
-0.05241765
0.21060103
-0.05645976
0.16447315
0.02681739
-0.18614146
-0.02406820
-0.19920129
0.08610416
0.05934275
-0.04821464
0.02303462
0.19234155
0.29910916
0.12725596
-0.20363404
-0.08425146
-0.01059663
-0.02964117
0.05415602
0.00332344
0.01699496
0.04324321
0.05717161
-0.01591413
-0.06471154
0.05999034
-0.04585914
-0.00579114
0.04035904
0.01852772
0.01509355
0.02527852
-0.01782291
0.02956667
0.02355093
0.06984436
0.02579311
0.07986033
-0.04953966
0.03277237
-0.00121011
0.09299158
0.03833295
0.06279615
0.08941706
-0.07073877
-0.02038712
-0.01328033
0.06711707
0.02121917
-0.00595969
-0.02725617
0.07401638
0.03913114
-0.01473881
0.02768094
-0.00283608
0.04529038
0.00368021
0.09316619
0.01475817
-0.04523288
0.00826128
-0.04751906
-0.02151110
0.09431543
0.04478545
0.04355565
0.02130534
0.07621933
-0.01557769
-0.02043422
-0.02445824
-0.06701856
-0.03289441
-0.01262563
0.07773367
-0.01455648
-0.01887558
0.02754109
0.01435763
0.01580919
-0.07043615
-0.00732140
0.05076929
0.01575753
-0.04236234
0.01645430
0.02129142
-0.02182467
0.02542680
0.00862175
0.02529902
0.02870722
-0.03941582
0.02919328
-0.00118196
0.04240387
-0.08614153
0.01412182
0.02500072
-0.00124111
0.03847724
0.02363484
0.03037084
0.01486819
0.04496803
0.01486722
0.00757793
-0.02565560
0.03927592
0.03316627
-0.06030021
0.02409502
-0.05174155
-0.00597505
-0.07080296
-0.01219229
0.02656451
-0.03415697
-0.03869930
-0.01803728
-0.05059925
0.02650890
-0.11297625
0.08099576
0.08491124
0.02697817
-0.01672608
0.03925115
-0.02243329
-0.03861376
0.01210569
0.02062120
-0.04359033
0.03643893
-0.00169537
-0.04755208
0.00278993
0.03304494
0.01853175
0.01344929
-0.02853005
-0.03786038
0.07167821
-0.03235082
0.00705335
0.03314156
0.03490140
0.02343822
0.02673528
-0.02753700
-0.01952780
-0.03914399
-0.10226586
0.01209284
-0.03192771
-0.05187564
0.01189314
0.00879132
-0.00845938
-0.01108523
-0.03893251
-0.02054906
0.04637069
-0.01419216
0.03244508
0.02464238
0.04356973
-0.03985201
-0.04788319
-0.00333078
-0.03925750
-0.05980669
0.06304306
-0.10280898
-0.00467374
0.01708033
-0.05718151
0.06748036
-0.05200295
-0.03114251
0.02925867
-0.01984990
0.01439301
-0.00148296
-0.00832331
0.01896288
0.09153967
0.02448502
0.05769685
-0.06720325
-0.05680488
-0.00425518
-0.00776074
-0.04835031
0.05398655
-0.01315750
-0.01073797
0.03116586
0.07364132
0.02901703
0.07595087
-0.05159504
-0.04542582
0.11700883
0.02813253
0.01176365
-0.04453185
0.01101522
0.01400933
0.02186924
-0.04204503
0.01475905
0.05527217
-0.03528095
-0.02608958
0.06913520
-0.01755525
0.04178333
-0.02710649
-0.07941636
-0.05540207
0.03338167
0.06183371
-0.02556437
-0.00785033
-0.06996239
-0.00110244
0.01698972
-0.02813704
-0.00049181
0.06286287
-0.01388572
0.02378610
-0.02845515
0.05594149
0.03212899
0.04997692
-0.08594470
0.02399757
-0.01610686
-0.03855470
0.07305486
0.00419345
-0.00914943
0.01663258
-0.06267808
-0.03720938
0.02775682
-0.06939999
-0.01324603
0.01299647
-0.02982312
0.02393455
-0.05394987
0.07512483
-0.03126451
0.03255244
0.06313013
0.04297839
-0.02537560
-0.02889102
0.02500520
-0.03325632
-0.06759870
0.08403446
0.03024293
0.04327316
-0.00091853
-0.02975014
0.04448708
-0.00457815
0.04036818
0.05712142
-0.04754287
0.09296808
-0.00531076
-0.00069273
-0.03864420
-0.04235355
-0.08402508
-0.00476496
-0.01760095
-0.00459807
0.07510336
-0.01465713
-0.00841664
0.05653907
-0.01643875
-0.01625003
0.03744824
-0.02211094
0.03237815
0.01311613
-0.06144217
-0.04454529
-0.02473157
0.01906064
-0.06191391
-0.00038290
0.06872699
0.03063353
0.01100399
0.02094094
0.05638296
-0.00698123
0.04974027
-0.04315626
0.05281401
0.03296461
0.04036949
-0.01352315
-0.02718114
0.05448070
0.01071138
-0.06050491
0.04189023
0.03567149
0.05673379
-0.02364933
-0.01497149
0.04701006
-0.05913027
0.05515445
-0.02791794
-0.01496741
0.07417279
-0.06067863
0.06283733
0.00504052
0.02666744
0.03704926
-0.12121527
0.05014331
0.00004298
-0.02668079
0.01246821
0.00600103
-0.08395317
-0.08475598
-0.07991133
0.03073158
0.07735676
-0.01069500
-0.01414345
0.07560720
-0.04911100
-0.05462958
-0.03039514
0.07572253
-0.02996788
-0.05644990
-0.06368049
-0.05089260
0.08582118
0.02267529
-0.00406337
-0.00956887
0.11552829
0.02960481
-0.02529764
0.04621227
-0.04502333
-0.02520134
0.07240598
-0.06896444
-0.02435154
0.05616537
-0.02665722
0.04020745
0.00575118
0.03378904
0.06650414
-0.01170990
0.07363999
-0.01391327
0.01999875
0.07003638
-0.02110954
-0.03811628
0.02017010
0.02858160
-0.05513316
0.06350391
0.01439865
0.01846919
-0.01188760
-0.03837279
0.04036917
0.01951173
0.03808508
-0.02845345
-0.00166108
-0.03437694
-0.04892131
0.01143169
0.00760417
-0.04747399
-0.04528861
0.03535030
-0.01814663
0.07253740
0.03842760
0.05884322
0.00634757
0.02179797
-0.03468145
0.02352244
-0.04487535
-0.00816452
0.06262864
-0.00498572
-0.03855460
-0.06929565
0.03830563
0.06674067
-0.04706800
-0.06111082
0.00748671
0.06202809
0.03461587
-0.02508480
0.05390771
-0.03706295
0.02408135
-0.03080546
-0.02148624
0.06036700
-0.03862819
-0.06173649
0.02382263
0.05772265
-0.02709665
-0.09771431
0.01217198
0.05293112
0.01312530
-0.03286932
0.03498982
-0.00146416
0.02008160
0.05876914
-0.02987731
0.06133072
-0.06313318
0.00963755
0.05147983
-0.05306774
0.01536108
0.06370986
0.01686807
0.03515166
-0.03282794
0.02558446
0.00738283
0.00607297
-0.05689031
0.04839317
-0.07582564
-0.08855503
0.06549543
0.09279729
-0.06249081
-0.06560087
-0.01485304
0.04789792
-0.01952292
-0.04102872
-0.05172542
0.05062971
0.02874523
-0.02680781
-0.01677138
-0.02484608
-0.00350321
0.00737942
0.00445909
-0.01017299
0.03566463
0.06426523
0.02143908
0.01325868
-0.06617749
0.01514449
0.07075489
0.05845048
0.06604489
0.00252610
-0.00180754
-0.07878020
0.08489107
-0.00630137
0.04857823
-0.00213962
-0.05231104
0.06062165
-0.05941785
-0.05978302
0.05130993
0.03734308
0.01177220
0.03982450
-0.00949383
0.06302552
-0.00996761
0.04864165
0.06049676
0.00361298
-0.08764008
-0.00336637
-0.00939406
0.00840370
-0.05112879
-0.00530606
-0.00455351
-0.01056313
-0.00584072
-0.06657041
-0.00905688
0.08526605
-0.01148701
-0.02239457
0.00677802
-0.02013717
-0.00295497
-0.06453774
