-0.03705746
0.00851662
0.10382778
0.10780023
0.01676375
0.00477659
0.11262377
0.01200287
0.09522105
0.04935291
0.06973429
-0.01632233
-0.02453801
-0.09468997
-0.00448515
-0.10669625
0.00887885
0.08612457
0.06708782
0.07253191
0.09216727
-0.04239756
-0.05655238
0.05546497
-0.09548420
-0.02085032
-0.02601257
0.00635752
-0.05456972
-0.09160241
0.10037063
0.13033198
0.02616912
0.05736623
0.04452801
0.02411502
0.03120963
-0.04041347
0.05558287
-0.00111446
0.06376246
-0.07967919
0.02385365
-0.05586638
0.11631061
0.11305602
-0.04838080
0.06518434
-0.03621210
-0.06133116
0.04725229
-0.01955159
-0.07359303
-0.06666710
0.03431841
-0.05025490
-0.05095074
0.03114099
-0.05181513
0.03970319
-0.02397638
-0.05641336
0.03426307
-0.02285166
0.00850471
0.00560240
-0.01842282
-0.11227755
-0.02056735
0.09767139
-0.10788210
0.02652856
-0.02137385
-0.03166167
0.09051616
-0.04237868
-0.01422237
0.09951439
-0.10768273
0.11136246
0.05070063
0.01432738
0.08717971
-0.06919895
-0.01196272
-0.09158755
0.04851996
0.09510611
0.03637518
-0.00816413
0.05051047
-0.00363208
0.01281163
-0.03493591
0.05177253
0.07510474
0.13180362
-0.01160881
-0.05056558
-0.07064744
-0.03259067
0.03814063
-0.03763824
0.01981194
0.02425841
-0.14737986
-0.03493793
-0.00989192
-0.07264923
-0.02609770
-0.03172823
0.03502960
-0.04400695
-0.02218047
-0.00239238
-0.02340463
0.04294353
0.01278446
0.00051542
0.03205631
0.09606819
0.09131194
0.01495240
0.00550439
-0.01380078
-0.00277779
-0.04796559
-0.01230454
-0.11644925
0.10390688
0.02673005
-0.00440692
-0.09816688
0.10113542
-0.01597159
0.00424835
-0.10466010
0.00398366
-0.04414571
-0.03940628
-0.04842955
0.13602833
0.02489592
0.12234428
-0.05367434
-0.12049711
0.07125910
-0.03558233
0.10230722
0.10879426
-0.04406248
-0.08024642
-0.12124236
-0.06662896
-0.09570668
0.05543840
0.02154108
0.10538004
0.02389764
0.02909051
0.00818040
0.03798313
0.07656416
-0.11526267
-0.01463544
0.02940725
0.08409075
-0.01947359
0.01278730
-0.05590350
-0.03103173
0.06542882
0.04275510
-0.04607560
-0.00033236
-0.09117010
0.11289348
0.01980017
-0.01931949
0.02631035
-0.02338773
-0.00790857
0.00583284
0.08507075
-0.05760442
0.02814288
0.00144800
0.04367106
0.05119377
-0.01217590
0.02351441
0.04151290
0.00745612
0.04381895
0.04718313
-0.09237137
0.14504637
0.03016627
0.00204096
0.01725039
0.12554628
0.03864280
-0.02300114
0.04820812
0.04350908
-0.05969040
0.00480713
0.03709873
0.05393723
0.08271890
-0.03972834
-0.04120073
0.00892886
-0.00252313
0.05795004
0.02031678
0.00436909
0.05185503
-0.00189928
0.02510130
0.07769342
-0.03165720
-0.11611272
-0.10593883
0.05568765
0.07227420
-0.07460906
0.05705162
-0.02445524
0.10113854
0.06209795
-0.04905784
0.03193327
0.02374233
-0.00896950
0.00293733
0.00115279
-0.00335636
-0.11489218
0.03814436
0.06502115
-0.08593757
0.06017313
0.03774067
0.01344871
-0.10290974
0.05239897
-0.04300127
-0.14159361
-0.09045887
-0.08996814
-0.03437351
0.12141432
-0.02819136
0.04079971
0.04986534
0.00305719
-0.02976495
-0.02031643
0.01727774
0.09709357
-0.21475580
0.10712628
0.09340814
-0.06232347
-0.01610811
-0.11985740
0.11239992
0.03581045
-0.05396366
-0.02963640
0.05810451
-0.16877784
-0.04737650
0.14858423
-0.23492965
-0.16241045
-0.02098350
0.03975235
-0.12729877
-0.06428996
-0.11232937
-0.14492230
-0.24476597
-0.04076806
0.00164948
0.11932140
-0.02804486
0.00099681
-0.03442568
-0.16778189
0.00431572
0.17330477
-0.02167601
-0.10274332
-0.17791544
-0.12420966
0.09395975
-0.10875390
-0.15137656
-0.08091501
0.08794282
0.16104253
-0.24921091
-0.06337050
0.21945569
-0.05610608
0.16919449
0.00149117
-0.15763026
-0.06082611
-0.17526081
0.09176584
0.05824531
-0.02096688
0.00386320
0.19508697
0.32495984
0.13412762
-0.18861069
-0.04930976
-0.00183011
-0.04239305
0.07034045
0.04080948
-0.02165164
0.03072955
0.03185502
-0.02642723
0.02091266
0.00667913
-0.01914362
-0.07325676
0.01313444
0.00598945
-0.00890280
0.04270517
-0.05714913
0.03216319
0.00595124
-0.01309121
0.00847208
0.07291109
-0.01295651
0.02514260
-0.04173031
0.07592409
0.06384908
0.05774230
0.09812998
-0.07305542
0.01015987
0.01226993
0.09072999
0.04453926
0.03885697
0.00019730
0.03479604
0.03651831
-0.03460836
-0.00508849
-0.05201454
0.02055609
0.01698289
0.07515813
-0.03136788
-0.05768811
0.02725315
-0.07327718
0.00814628
0.04447934
0.03984270
0.02140580
0.07195445
0.03385372
-0.08049563
0.00051155
0.01191855
-0.07869071
-0.03942806
-0.03701518
0.04815403
-0.01374153
-0.02212605
0.03695574
-0.02659914
-0.05256356
-0.03418099
-0.06451257
0.02371007
-0.01572000
-0.04003783
0.02174120
0.01572914
-0.05050009
0.06854228
0.01791534
-0.03886471
0.01390522
-0.02536910
0.03930591
0.01818220
0.01347584
-0.00804521
0.02274182
-0.00304322
-0.00504441
-0.01882895
0.00870227
-0.01756424
-0.03979576
0.06929879
0.01850543
0.03183929
-0.04633377
0.01047911
0.01971522
-0.06682879
0.06043092
-0.02943248
0.00774389
-0.05468367
0.04683125
0.00477046
-0.02393685
-0.02735101
0.00062687
-0.04647793
-0.04262824
-0.07758005
0.04299239
0.09518275
-0.00437061
-0.03692778
-0.02599959
-0.07799099
0.00940765
-0.03704380
0.05172899
-0.02436543
0.00189565
0.03762922
-0.05093233
-0.00392146
0.04000509
0.03812857
0.01953612
-0.05308292
-0.00820072
0.06867344
-0.05719184
-0.03334918
0.03728870
0.03801272
-0.01414976
0.03682151
-0.02394024
-0.00703718
-0.04198852
-0.08545098
0.00380784
0.00980063
-0.06847799
-0.06019523
-0.00215922
0.03963810
-0.04322052
-0.04857141
0.00670911
0.01287567
0.00850054
0.03394191
0.04886490
-0.01040254
-0.04275855
-0.03825380
0.05079730
0.03164130
-0.06313496
0.02714329
-0.04796005
0.02700166
0.01563843
-0.06766912
0.04335064
-0.05461343
-0.08983066
0.05094903
0.01295855
0.03360306
0.03170956
-0.01509666
-0.01890591
0.02885277
0.01584263
0.04203157
-0.03857638
-0.09459163
-0.05123543
0.02466044
-0.02821899
0.02598488
-0.05202511
0.02075830
-0.00471590
0.10454923
0.01167773
0.06230717
-0.05735264
-0.09634575
0.04923750
-0.04476900
0.06075534
-0.11089992
0.01500048
0.05864158
0.01036028
-0.05987239
0.07207412
0.02637545
-0.01097208
0.00336039
0.01998600
-0.02462007
0.07125237
-0.03160909
-0.08182674
-0.03429316
0.07394215
0.04143441
0.00134462
-0.04553278
-0.00481112
0.01526313
0.04260772
-0.05383131
-0.01048710
0.07530110
-0.04637970
0.01805726
-0.03754639
0.05845765
0.04448423
0.11267432
-0.06403518
0.02623107
-0.07203300
-0.09370255
0.03583919
0.02822894
-0.01799479
0.01662156
-0.07332171
-0.01606499
0.04698016
-0.04404245
-0.02283731
0.03439981
-0.01396044
0.03057812
-0.07343286
0.07941538
-0.03079026
0.05938281
0.01457781
-0.01348651
-0.02125726
-0.05238439
-0.03002151
0.03557444
-0.04978907
0.04704066
0.01582500
0.02932772
-0.06072135
-0.04402641
0.04614248
-0.01802477
0.05303958
0.04250107
-0.02662341
0.09143700
0.00817294
0.02006108
-0.02381628
-0.02573008
-0.06579962
-0.03158917
-0.00441990
-0.01622262
0.05016825
-0.03335529
0.02223731
0.04429547
-0.04378818
0.00599238
0.07302502
-0.01072167
0.02836243
0.03399393
-0.08763579
-0.03127756
0.02294256
0.01750894
-0.04461403
0.01418075
0.02467700
0.03588979
0.01112212
0.03311408
0.07965562
-0.01632044
0.10773541
-0.09971549
0.02744958
0.05189351
0.06661979
0.05258244
-0.00597740
0.01472558
0.01019472
-0.04927535
0.02311968
0.06126893
-0.02001290
-0.04953595
0.01848027
0.05810376
-0.02080269
0.07093090
0.00181125
-0.02613532
0.03952527
-0.02387227
0.05069085
0.03103125
0.00272441
-0.00926522
-0.07453652
0.04054917
0.03566205
0.00988922
-0.00320504
-0.03183335
-0.06519032
-0.08935106
-0.01228085
-0.00544846
0.04180024
0.02675720
-0.08191242
0.05029389
-0.02235586
-0.02642486
-0.04573555
0.03696973
-0.00016392
-0.01030826
-0.10202268
-0.07303423
0.10956994
0.02198490
0.00496254
0.02266101
0.12814446
-0.00169646
-0.02219973
0.04858307
-0.03493832
-0.02285052
0.01805594
-0.03916950
-0.01429923
0.06607145
-0.01462810
0.04317748
-0.00063594
0.02617551
0.06677327
-0.04259902
0.04718490
-0.01541060
-0.01176350
0.04069917
-0.06179093
-0.02438829
0.01671939
0.03279114
-0.01738358
0.05123215
0.01033035
0.01149453
0.01127275
-0.00907074
0.00916884
0.01930749
0.03201967
-0.03190906
-0.01497736
-0.02620438
-0.03600137
0.04023354
0.00203250
-0.06458701
-0.02208387
0.01620786
-0.01692727
0.03701835
0.02149103
-0.00248517
0.01654079
0.02391131
0.03311067
0.05562794
0.03871994
-0.01858123
0.06983890
-0.01317329
-0.04664094
-0.08872892
0.01241727
0.05362171
-0.06361644
-0.04125006
-0.01919659
0.04389554
0.05450691
-0.03341731
0.04912138
-0.07769186
0.02377951
0.05142732
-0.05305145
0.06114387
0.02994914
-0.04028726
0.01987464
0.04787901
-0.01938818
-0.08782127
-0.00569406
0.05618289
0.03876592
0.03143926
0.08515374
-0.04724720
0.01240151
0.00672619
-0.01924528
0.05896663
-0.07837041
0.03382920
-0.00403807
-0.06622093
0.01993694
0.02735990
0.01416910
-0.00222144
-0.02559718
0.00465805
-0.02420876
0.02961326
0.01497151
0.03934440
-0.10921894
-0.04397161
0.09966604
0.08212011
-0.07629734
-0.03160291
-0.03321831
0.00211138
-0.01607020
-0.06669869
-0.03255687
-0.01172724
0.03105430
-0.03065802
-0.04339291
0.01684457
0.07120690
-0.00999017
0.01933797
-0.03559212
0.01112303
0.06615758
0.00545338
0.02731426
-0.07359021
0.04509651
-0.00716628
-0.00973130
-0.00249865
0.05437012
0.00268914
-0.03664881
0.02016743
-0.04954310
0.04460495
-0.01933115
-0.02442040
0.08315572
-0.06006680
-0.03678184
0.01526209
0.04245941
0.01202319
0.01451584
0.00601285
0.07839742
-0.09295289
0.05933826
0.02527568
0.03982097
-0.06269310
0.03078789
0.06076207
-0.00303513
-0.01711948
-0.00761522
-0.01646874
0.00209850
-0.06860532
-0.02593950
0.02805069
0.05622007
-0.03181320
-0.02746690
0.00415501
-0.03982235
0.03013274
-0.02677373
