-0.06394517
-0.03556568
0.09879114
0.05553174
0.02600629
-0.00648386
0.10437904
0.01844925
0.09072275
0.05545297
0.09440640
-0.04396922
-0.05503984
-0.09261617
-0.04028380
-0.13311079
-0.00126057
0.08003498
0.05414977
0.07783721
0.08600808
-0.05668556
-0.10605721
0.06250653
-0.05856250
0.00869809
-0.04121110
0.00056634
-0.00857073
-0.08749907
0.06617876
0.09939992
-0.00695752
0.05601728
-0.00167549
0.00012111
0.00929422
-0.04639557
0.04125817
0.04184089
0.07644393
-0.04804440
0.00694586
-0.03442530
0.09646521
0.15362725
-0.00609735
-0.00298044
-0.05471642
-0.07093135
0.03680033
-0.03632447
-0.06605057
-0.00659419
0.00530698
-0.07367359
-0.02757464
0.05240010
-0.06959092
0.05183323
0.00242772
-0.01563193
0.06144211
-0.00008657
-0.04188085
0.02969971
-0.02967502
-0.07726620
-0.04363467
0.09723642
-0.08364625
0.03259553
0.00195667
-0.07633823
0.09628246
0.00036355
0.01369027
0.10897616
-0.11736237
0.10034435
0.06197917
0.06049930
0.03805799
-0.04489635
-0.01959880
-0.08801948
0.06227035
0.09832478
-0.01684714
0.01719576
0.05576226
0.03947879
0.03031941
-0.03804629
0.02573073
0.09082089
0.11755516
-0.05035514
-0.03582595
-0.08682495
-0.04030067
0.04939210
-0.02713899
0.05098179
0.06316143
-0.10800745
-0.01841106
0.04335114
-0.05287197
-0.04191034
0.01747272
-0.02446461
-0.06346722
-0.06446844
0.02905423
-0.03570612
-0.00918497
0.05841885
-0.00796785
0.02434596
0.05540946
0.10222587
-0.00925700
0.02874687
0.00037938
-0.00698732
-0.03714898
0.02542132
-0.04718453
0.11236270
0.01457245
-0.01946997
-0.08334016
0.09788319
-0.05427430
0.04142028
-0.07185984
0.00964180
-0.06145504
-0.04746021
-0.04518186
0.09074795
0.11044843
0.09592438
-0.01705919
-0.08762496
0.05901869
-0.05592428
0.08865934
0.11598932
-0.06880537
-0.07945788
-0.09803399
-0.09102907
-0.08712404
0.08668339
0.02782599
0.11937059
0.04328308
0.04433786
-0.06532405
0.06377193
0.06089170
-0.08046018
-0.00440607
0.03387332
0.06733360
-0.01030012
0.04418758
-0.05890426
0.00163261
0.07404774
0.01775121
-0.03026535
0.05147208
-0.05378934
0.11106562
-0.02646277
-0.05288523
0.06463036
-0.00871261
-0.03666328
-0.02535454
0.12009165
-0.05697218
-0.03212693
0.06822810
0.04224902
0.08220652
-0.00834467
-0.02678298
0.02159358
-0.01706468
0.05622630
0.06373457
-0.12132244
0.09934759
0.05633827
0.00809432
0.03599240
0.10932136
-0.02728260
-0.04433487
0.04411766
0.00220011
-0.06072677
-0.03150260
0.02825833
0.06736127
0.09029347
-0.05112582
-0.07962871
0.03845209
-0.01348992
0.06086070
0.03696533
0.03955104
0.07440478
-0.03395163
-0.03487936
0.11025747
-0.04785703
-0.06853443
-0.12995942
0.05694316
0.08907439
-0.08727493
0.04425419
0.01049878
0.02828730
0.02525463
-0.05380290
0.00513723
0.03799872
0.02644550
0.05116677
-0.02052864
0.01786983
-0.12533906
0.03058656
0.09623456
-0.07888620
0.05746962
0.02228329
-0.01233257
-0.10364143
0.03042954
-0.07304662
-0.13096814
-0.07275766
-0.10730514
-0.03520440
0.10301512
-0.05854234
0.02603625
0.06031922
-0.05731219
-0.06039695
-0.01104532
0.07815700
0.07122613
-0.19485144
0.05980041
0.04895134
-0.04311989
-0.00118941
-0.07254601
0.12368213
-0.03257328
-0.04772755
-0.00214944
0.11976954
-0.16319688
-0.01887760
0.12225599
-0.23356110
-0.15034100
-0.00381823
0.05197221
-0.12970343
-0.07376087
-0.11877465
-0.16942197
-0.27254942
0.00723051
-0.05090211
0.08019569
-0.00370451
0.08090258
0.01756303
-0.11532630
-0.01853196
0.14043435
-0.06067057
-0.10229972
-0.23574990
-0.14580257
0.08936420
-0.11012326
-0.11809599
-0.07694495
0.11014286
0.17428537
-0.24322306
-0.00157610
0.23223393
-0.08225331
0.14516075
-0.02983492
-0.19820938
-0.07742006
-0.19690485
0.04932670
0.04736628
-0.05782738
0.03766303
0.18302040
0.27462003
0.16165379
-0.20837204
-0.11240456
-0.03595148
-0.03346602
0.07492369
-0.05154723
-0.01469388
0.06401610
0.04313547
0.00622241
-0.00828527
0.06018442
-0.04527389
0.00517631
0.02509720
0.00724587
0.01817352
0.01905772
-0.03496004
0.02410953
0.04006645
0.04447505
0.04613836
0.01175499
-0.02000258
0.03127309
-0.02493234
0.09476554
0.08352738
0.04814040
0.07942224
-0.05420168
0.01564678
0.03888963
0.07227730
0.01546676
0.00901864
-0.01928819
0.02054622
0.01369583
-0.04294648
0.02408422
-0.03037220
0.02851414
0.02151591
0.01875404
-0.01364080
-0.02702853
-0.00923456
-0.06853874
-0.02858061
0.05516403
0.04120629
0.02497523
0.02167709
0.09698051
-0.04078626
-0.02738667
-0.03992295
-0.08541653
0.00825650
-0.03655726
0.08009891
-0.01019796
-0.00697095
0.00413256
0.00551258
0.03890831
0.00159038
0.02731174
0.06811263
-0.00825838
-0.06032918
-0.02712134
0.04098834
-0.00994083
0.06381035
0.04567117
-0.01338795
0.01621127
-0.07049585
-0.01048938
-0.00489109
0.05399346
-0.01679622
-0.01357729
-0.01685893
-0.03466838
-0.00590054
0.06826530
0.05128084
-0.02830619
0.04117881
-0.04295994
-0.00394524
-0.01204870
0.02913051
0.00837227
-0.00827374
0.00304540
-0.04689155
0.00451943
-0.00694648
0.01595555
0.03355824
-0.03100125
-0.01038560
-0.02549850
-0.04958808
0.04441749
-0.09361473
0.01242833
0.02802680
-0.00924772
0.03719365
0.05337024
-0.01054574
-0.02464568
0.01875189
0.01890477
-0.02345393
0.01156287
0.03421631
0.01242180
0.00784582
0.04948677
-0.02848079
0.04185897
-0.07744315
-0.00491419
0.06841251
-0.03772028
0.03636786
0.03580146
0.07305942
-0.03605123
0.07468182
-0.07253880
-0.02160865
-0.01919376
-0.10886853
-0.00778161
-0.00411699
-0.03749511
-0.01147547
0.00250284
-0.03062328
0.01998118
-0.00701403
-0.01306214
0.01018121
0.03270369
0.00649327
0.03837891
0.05229862
-0.00605514
-0.01472331
-0.02051613
0.00422162
-0.05662377
0.00712325
-0.08358424
0.00993355
0.04071641
0.00804178
0.00966004
-0.03572379
0.00782169
0.04231179
-0.00199813
0.00934302
0.07090317
-0.04049049
-0.00997184
0.06930904
0.00937857
0.04977158
-0.01863804
-0.06924459
0.05934443
-0.02358858
-0.02439565
0.05995297
-0.00160967
0.00892998
0.04444453
0.04743348
-0.02120105
0.06467456
-0.06880470
-0.02921849
0.07572216
0.00830589
0.03123804
-0.05997182
-0.00822767
0.03259182
-0.01223974
-0.07458784
-0.04359860
0.06390484
-0.00290214
0.03922446
0.07028555
-0.02074084
0.04986986
-0.06701653
-0.05429580
-0.03288882
-0.00699974
0.00618009
-0.01415441
0.00512504
-0.00562975
-0.04709683
0.01032066
-0.02851263
0.01068347
0.07297486
-0.03176269
0.03996687
0.03293891
0.04268261
0.03637134
0.07752850
-0.00820766
0.03592560
-0.01850822
-0.02169137
0.07309480
0.00815479
0.03048781
0.07701428
-0.03508399
-0.04519784
0.05405365
-0.03396349
-0.01915050
0.04003640
-0.02267633
0.02985443
-0.07966729
0.05022136
-0.03278119
0.04835237
0.10366761
-0.02315099
-0.05629938
-0.03611549
-0.03115081
-0.03032038
-0.04945906
0.10460172
0.00646016
0.02942228
0.00801390
-0.04894200
0.01480778
0.01856288
-0.00416101
0.04698752
-0.01066589
0.08606244
0.00758904
-0.02775364
-0.06180945
0.04643023
-0.03063032
-0.05818408
-0.02764172
-0.05480007
0.06800605
-0.04561342
-0.00192777
0.01125303
0.03358815
-0.00268543
0.02586651
-0.02899360
0.03850230
0.03130438
-0.04051770
-0.01500272
0.00124903
0.02019481
-0.06642146
-0.03289142
0.04676202
-0.01514870
0.05725155
0.05043154
0.08739373
-0.02073377
0.07827277
-0.07081400
0.00669556
-0.01916453
0.03105433
-0.05167377
0.04599709
0.05613840
-0.00984856
-0.03169152
0.00536337
0.10144328
0.06809736
0.00839173
-0.04535707
0.01199175
-0.02316446
0.06541032
-0.09938508
-0.00074453
-0.00381735
-0.01681639
0.04326275
0.00034668
-0.01436791
0.08338945
-0.05341177
0.04903795
-0.02088528
0.03264770
-0.00358106
0.03362950
-0.07077008
-0.11296241
-0.04907088
0.00384133
0.06143981
-0.00320085
0.01399501
0.05480281
-0.04454163
-0.04280590
-0.01662626
0.07954986
0.01585694
-0.10307845
-0.10902023
-0.07178642
0.07022995
0.06464163
-0.01190360
0.02871881
0.17698146
0.03312686
-0.01147089
0.00707042
-0.02032490
-0.04059631
0.01738868
-0.04572894
0.00588052
0.08779074
-0.01229518
0.04074966
-0.06165191
0.04081564
0.06038763
-0.02902039
0.06867901
0.00112095
0.01650713
0.07800537
0.01293059
-0.06573503
0.01259560
0.03352312
-0.05409171
0.07268437
-0.02153828
-0.01710856
0.01515740
-0.06127384
0.00068893
-0.04838391
0.05100539
0.04100944
-0.01879747
0.01058984
-0.04137085
0.01583985
0.04038499
-0.02178385
-0.03050751
0.06339190
0.02247036
0.06277443
0.02392963
0.03279641
0.02205201
0.04235049
-0.00404250
-0.00156371
-0.06127061
0.02049613
0.01496573
-0.02775331
-0.01668043
-0.08906146
0.06122397
0.03108389
-0.01694603
-0.04588948
-0.04217608
0.02549911
0.05369386
-0.05313307
0.07016625
-0.06562142
-0.02133148
-0.02666027
-0.01733001
0.02719516
-0.02183835
-0.06413065
0.00807229
0.04202109
-0.00818303
-0.04836728
-0.00655523
0.06764801
0.04351104
-0.07341850
0.00348664
-0.01571796
-0.01003597
0.03709054
-0.04292779
0.01598110
-0.04161702
-0.00757993
0.05282676
-0.01265097
0.08114139
0.05691130
0.09132307
0.00745083
-0.04187471
-0.02268059
-0.03809554
0.05385677
-0.04113797
0.04204864
-0.13689110
-0.04384663
0.09309474
0.08009150
-0.04403958
-0.03166955
0.01988884
0.04648389
0.05277820
-0.02134984
-0.05327891
0.02465175
0.01102938
-0.06597322
0.01002135
-0.00619138
0.06054978
-0.01364002
-0.00171821
-0.00706956
0.02907827
0.03512158
0.03468535
-0.04186587
-0.04358187
-0.02071881
0.01593196
-0.01438416
0.09235393
0.04562312
-0.06170438
-0.10138179
0.05123723
0.04070149
0.05139657
-0.01426413
0.00091767
0.02431369
0.00603582
-0.01417463
0.03041724
0.07278282
0.03745763
0.09961523
0.00611318
0.03499375
-0.01165229
0.01892118
0.02599519
-0.01538796
-0.01563804
-0.02618454
0.04424109
-0.01100065
-0.00140461
0.01036348
0.01544963
0.01659117
-0.03301352
-0.00042972
0.00182650
0.09285610
0.01118819
-0.03789869
0.00958648
-0.00169230
0.04385383
-0.02171072
