-0.05254979
-0.02595058
0.06761453
0.08485301
0.08881224
0.05266337
0.09168159
-0.07508342
0.06643946
0.05750883
-0.00742742
-0.10809545
-0.06672344
-0.11107579
-0.08975133
-0.09762267
0.06748138
0.09018947
0.03682093
0.09563556
0.08069955
-0.10065725
-0.05771599
-0.01688994
-0.05657740
0.00767692
-0.06428792
-0.04762613
-0.04354296
-0.01652845
0.06459138
-0.02506930
-0.02833871
-0.00509264
-0.08057871
-0.00062007
-0.05344780
-0.03859507
0.05202753
-0.00396759
0.04839185
-0.00431148
-0.02554179
0.05931642
0.08469483
0.07018634
-0.02206477
0.04182274
-0.05376897
-0.06620949
0.08159616
0.01232045
-0.03888529
-0.08045497
-0.01605466
0.00187227
-0.03736649
0.03859392
-0.05122301
0.08428153
-0.04985390
0.03272875
0.04737110
0.06346207
0.02156905
-0.00719809
-0.01762783
-0.03197499
-0.06804786
0.01577389
-0.03649452
0.04843010
-0.03393041
-0.04988601
0.09554880
0.02888361
0.09556966
0.00859675
-0.03026912
0.13473278
0.07773727
-0.05525927
-0.03054329
0.06809877
-0.10842188
-0.05117887
-0.00429435
0.09852196
0.02712780
-0.07103518
0.04024797
0.01322127
0.06266800
-0.04491473
-0.00407686
0.00479869
0.02456318
0.02971810
-0.08636142
-0.00903364
-0.02391030
0.06837088
0.01208548
0.02905497
-0.09364916
-0.06299107
-0.02416522
-0.06643704
-0.06129129
-0.02864751
-0.09123599
-0.00774026
-0.10219780
-0.04778393
-0.01647402
-0.04087999
-0.06448250
0.01857034
0.01305303
0.10565390
0.10560858
0.05164165
-0.05882509
0.08243737
-0.02346680
0.03995156
-0.01041384
0.07305191
-0.07814486
0.04536092
-0.03247806
-0.06171849
-0.03091690
-0.03849844
-0.07751228
0.03926032
-0.00211752
0.09087753
0.02443014
-0.06069415
-0.02155461
-0.01068195
0.03075241
0.04670032
-0.05749963
-0.06217737
0.02773736
0.10476100
0.03137372
0.07064684
-0.01998064
-0.09569958
-0.06461057
-0.06381080
-0.01865730
0.05381414
0.02698354
0.08185159
0.04335716
-0.07159580
-0.07179617
0.11796684
0.02581500
-0.03719975
-0.06637415
-0.13118471
0.10890516
-0.11905014
0.10714290
-0.09240164
-0.00309340
0.09930802
0.11049709
-0.00451440
0.11394956
-0.02573464
-0.00449389
-0.03016483
-0.07529346
0.06937439
0.03448260
-0.08709239
-0.09749901
0.05244747
-0.04352593
0.01526886
0.00531857
0.01062435
0.01192962
0.05305411
0.05427414
0.02075991
0.09114873
0.03917322
0.02931680
-0.04378743
0.07129073
0.02347234
-0.10759874
0.09023361
0.11160036
-0.05535871
0.02321959
0.05183486
0.03530423
-0.07879102
-0.08490422
0.03936979
0.04295718
0.09060979
-0.05954449
-0.10772031
0.03225388
-0.02088333
0.11309889
0.08264655
0.03218566
-0.00012353
-0.04558544
-0.05449757
0.05805807
0.04085424
-0.04711055
-0.10445572
0.05664477
0.02752499
-0.08513698
0.04368516
0.05250019
0.02471707
0.09519511
0.01848151
-0.08518288
0.06965903
0.00052453
0.02991040
0.04943311
0.08249387
-0.10948341
0.11229622
0.05567134
-0.06189628
0.07436682
-0.04515346
-0.12035737
-0.00969631
0.11554023
0.01940502
-0.03089765
0.00032591
0.03750101
-0.00764818
0.04820362
-0.03109195
0.05397253
0.14322728
-0.02347041
-0.01482540
-0.02106576
0.01671835
0.09599498
-0.21040767
0.10478606
0.09022360
-0.05076889
0.00146961
-0.12329520
0.11041373
0.02128447
-0.02968180
-0.00997475
0.06789476
-0.19281679
-0.03993161
0.13628019
-0.22864552
-0.16063218
-0.01272468
0.03820575
-0.12253258
-0.06580102
-0.12058670
-0.16392195
-0.24529026
-0.02949908
-0.02840521
0.10876176
-0.03581477
0.00388321
-0.02808466
-0.16382416
0.01387000
0.17531617
-0.04857877
-0.08979072
-0.18321998
-0.12100738
0.08961525
-0.09794252
-0.13212346
-0.07842890
0.08789034
0.17301893
-0.25261956
-0.05239838
0.22047435
-0.07164422
0.15686963
-0.01586467
-0.17652401
-0.05593011
-0.18891022
0.09040637
0.04946909
-0.04241342
0.00963050
0.18476427
0.32087150
0.13004178
-0.19841318
-0.07811796
-0.05275226
-0.01853039
0.08224568
-0.02420050
0.00685043
0.06390831
0.04054635
0.01902191
-0.02755678
0.06644994
-0.02049231
-0.00967243
0.05049491
-0.01277387
0.00343218
-0.01901453
-0.03834324
0.03421868
0.02491878
0.04339411
-0.01309423
0.01956012
-0.03485363
0.00469944
-0.00736150
0.06852139
-0.00603750
0.01851205
0.05100434
-0.03110645
-0.01601765
0.04670940
0.08964482
-0.01397486
0.01663314
-0.06589229
0.07088828
-0.03199063
-0.01478131
0.00701394
-0.01855972
0.05204154
0.04404034
0.02133697
-0.00742562
-0.04417880
-0.02997716
-0.08063673
-0.05360738
0.07350338
0.04246166
0.00602825
0.02030222
0.12405135
-0.03614055
-0.04348621
0.03217633
-0.05581963
-0.01768856
-0.05442442
0.04563821
-0.06138629
-0.01110934
-0.01150547
-0.00263292
0.06662674
-0.04781648
0.03413960
0.04849535
-0.01020835
-0.02598615
0.02656054
-0.01170831
0.00827225
0.07350343
0.05307615
-0.04650724
-0.01369078
-0.06863175
0.00280017
0.01510483
0.05023460
0.00733967
-0.02109723
-0.04084751
-0.02336763
0.00645243
0.05244429
0.07203032
0.04936329
0.06753901
0.03038025
-0.03662521
-0.02430268
0.03714293
-0.02374741
-0.04445550
0.02575951
-0.05101405
0.03907462
-0.04638156
0.00379390
0.06267186
-0.03889098
0.04582293
-0.04798016
-0.03430840
0.04917898
-0.09760989
-0.02148300
-0.00010325
-0.02777777
-0.01166483
0.04987646
0.01368904
-0.05002519
0.00866969
0.03328694
-0.01389854
-0.01501652
0.00107807
0.00210724
0.01434339
0.09401610
0.01248476
-0.03600834
-0.08100492
-0.00321539
0.06315748
-0.01664504
0.02767928
-0.00041043
0.06601719
-0.01803574
0.03488551
-0.09691434
-0.04190781
-0.01481550
-0.10450912
0.04603710
-0.00382105
-0.03675198
-0.01770815
-0.06922899
0.02948441
-0.02483772
0.02844214
0.04978872
0.00460501
-0.00455560
-0.02067301
0.03970942
0.04956097
0.03513719
-0.00327548
-0.02768698
0.02365571
-0.05451248
0.03719255
-0.05305026
0.01546826
0.03199548
-0.03631573
-0.03288401
-0.07745373
-0.00416155
0.02591179
-0.04068233
0.09068610
0.01530596
-0.03723537
0.01286535
0.04279109
-0.01346211
0.06953026
-0.01075247
-0.06877466
0.05500913
-0.00869906
-0.02928488
0.03123399
0.01749461
0.03853847
0.01502668
0.05111871
0.04141605
0.07960465
-0.05824949
-0.05503952
0.09574469
-0.00374066
0.04187659
-0.03450176
0.01208831
0.02178444
-0.00997664
-0.04505956
-0.02818430
0.06167035
-0.04807883
0.03498748
0.06762210
0.02048662
0.03217399
-0.04639057
-0.06644869
-0.04897299
-0.04612935
-0.02093097
-0.03681288
-0.01484164
-0.04593537
-0.08567388
-0.03037044
-0.07370759
-0.04279490
0.07350270
-0.03500894
0.00918506
-0.01650525
0.03475536
0.03187256
0.04015647
0.02461918
0.03622801
-0.02858392
-0.04931615
0.03211231
-0.00352009
0.01340364
0.05875653
-0.04077458
-0.04550034
0.06873375
-0.01589210
-0.02571282
-0.00492915
0.01245181
-0.00124720
-0.07172664
0.07210386
-0.01696444
0.02429672
0.09155139
-0.02648670
-0.01483020
-0.02499299
-0.03744419
-0.01020715
-0.07183632
0.07042583
0.02886091
0.02811277
0.00171854
-0.05360565
-0.03921486
0.01079543
-0.02383050
0.04172984
-0.03970610
0.05969503
0.01330799
-0.00563278
-0.02551911
-0.00692081
-0.06713371
-0.04150020
-0.06639729
-0.02254008
0.05812241
-0.02107792
-0.00031364
-0.00703792
0.03707565
0.00298506
0.01517510
-0.03841400
0.04696158
0.06037860
-0.04863948
-0.03457384
-0.02954641
0.00609630
-0.09584588
-0.04463771
0.05752577
0.02825653
0.03227962
0.03268974
0.07901070
-0.01438407
0.08015028
-0.01183421
0.00507348
-0.01954567
0.03509121
-0.04648491
0.00045488
0.05059845
-0.03346382
-0.02721274
-0.01677455
0.03232655
0.06553075
0.00267314
-0.07679474
0.01459768
-0.05217387
0.02429366
-0.05146351
-0.01565903
0.03270566
-0.00474603
0.07057508
0.01720233
-0.07903940
0.10428052
-0.04321018
0.05800894
0.02792763
0.03554557
0.02108664
0.00862907
-0.02057073
-0.12529512
-0.04748780
-0.00988190
0.08397693
-0.04697248
0.00452467
0.04706217
-0.04398283
-0.04332734
-0.02356292
0.01954804
-0.00478869
-0.09691707
-0.07655033
-0.09594695
0.06926010
0.02598032
0.00453626
0.01280866
0.17126648
0.03520465
-0.01495582
0.01717964
-0.05606087
-0.02199149
0.01399335
-0.02056701
-0.01061170
0.09162405
-0.04715546
0.04791696
-0.05937701
-0.00045275
0.04714728
0.02368076
0.05711669
0.03750652
-0.03980920
0.12655018
-0.03363701
-0.06396178
0.03146958
0.03202620
-0.05424374
0.07263175
0.04026064
0.03155925
-0.03258996
-0.01115783
0.03654354
0.00188201
0.03407674
0.03668420
-0.06085650
-0.01242660
-0.03638312
0.00514998
0.02312399
-0.04584804
-0.05374561
0.04765702
0.01018021
0.04644896
0.01182757
0.04027838
-0.01511168
0.04245707
-0.00933037
0.00449761
-0.02631704
-0.02445110
0.02413615
-0.00262487
-0.03750122
-0.10529977
0.03278711
0.01125982
-0.00963609
-0.05861688
-0.01973709
0.06600884
0.06414694
-0.03938036
0.05643877
-0.05744786
0.00890719
0.01081431
-0.01126269
0.06908172
-0.02810435
-0.03188525
-0.00922335
0.03593188
-0.01744862
-0.08800694
-0.00083131
0.05085102
0.04640454
-0.06345163
-0.01128419
-0.01447304
0.02706118
-0.00010656
-0.03756476
0.04635937
-0.04821166
0.01659727
0.08513924
-0.02341120
0.06300760
0.07206051
0.05696631
-0.02811342
-0.05164292
0.03450206
-0.05482901
0.02489562
-0.04053612
0.00739970
-0.08484156
-0.03421167
0.10639644
0.03767787
-0.00025945
-0.02601637
0.01798814
0.04958643
0.04415174
-0.02245617
-0.00406163
0.02636893
0.06986159
-0.06857676
0.02340921
-0.00438601
0.01571659
0.03231817
-0.00858995
-0.00153186
0.04868674
-0.03560016
0.02028620
-0.01814717
-0.04343737
0.00510687
0.02857763
0.03100144
0.04519045
0.01756090
0.00620058
-0.06955662
0.06594523
0.02510889
0.10213780
-0.03234755
-0.01033725
0.05660359
-0.02834730
-0.04495991
0.03214773
0.02891926
0.05276928
0.04157216
0.00394847
0.06105485
-0.04619155
-0.00651282
0.01175242
-0.02591736
-0.05891718
0.00094125
0.01059063
0.00243606
-0.03097025
0.04464104
0.01088257
0.02009788
-0.02909999
-0.00914441
0.01167254
0.08467135
-0.01052502
-0.01385638
0.01421144
0.00146906
0.01422905
-0.05643506
