0.02450231
-0.01403898
0.09412275
0.09088805
0.06950070
0.08778626
0.13686593
-0.10063630
0.03206365
-0.05829642
0.06590793
-0.04838061
-0.02716348
-0.04328623
0.03571041
-0.08373702
0.01692457
0.14633881
0.07151905
0.09663543
0.12419776
-0.09310044
-0.07187708
0.04806074
-0.08360227
0.07588954
0.01992510
-0.02155539
-0.04031915
-0.07985117
0.03196132
0.08994199
-0.01324783
-0.01164004
-0.06235474
0.00783728
0.00260996
-0.02452891
-0.00706372
0.01656300
0.07073813
-0.00179219
0.00104021
0.01323195
0.05323058
0.10106339
-0.02917868
0.06119827
-0.04979878
-0.11127790
0.08308180
0.08284053
-0.00553293
0.01122731
-0.01678084
0.05728706
0.02587643
0.06094246
-0.00467560
0.08920967
-0.02453104
-0.08231682
-0.02701878
-0.00476781
0.01673960
0.01311628
-0.00579473
-0.07259364
-0.01171240
0.05422635
-0.07232107
0.01702399
0.00275151
-0.11007039
0.09649518
0.02029994
-0.00432877
0.06371924
-0.05984644
0.11307471
0.01614047
0.04266689
0.00238383
-0.02804103
-0.02192615
-0.08861032
-0.00886078
0.12736714
0.00809307
-0.04339105
0.07421715
0.01331396
0.05861066
-0.01238889
-0.03613551
0.07764683
0.09613647
-0.00063598
-0.00614526
-0.04150352
0.06128727
0.11800908
-0.02688119
-0.04037024
-0.05785222
-0.10854162
0.00577531
0.01858868
-0.09583675
-0.07884976
0.06633148
0.00865482
-0.08844019
0.03560577
-0.01141374
-0.01856820
-0.04587325
0.06778111
0.01713253
0.05006352
0.11917948
0.15712178
-0.00957862
0.06320430
-0.04267915
0.00068703
-0.02406565
0.01255091
-0.06466649
0.08520442
0.03717290
0.03672254
-0.08472433
0.05837786
0.02775564
0.09278684
-0.15581892
-0.04124632
-0.06669416
-0.04795577
-0.02564305
0.08188818
0.05618717
0.04763060
0.06504147
-0.08899275
0.00620974
-0.01017901
0.13036083
0.09629140
-0.14043644
-0.00524506
-0.09539465
-0.04054796
-0.07070468
-0.01191048
0.06866784
0.11992384
0.05065047
-0.00890981
-0.07547372
0.08242644
0.00793245
-0.05683281
0.00021598
0.01837683
0.03485166
-0.01029559
0.04941168
-0.07924229
-0.06043013
0.06290571
-0.04732587
-0.01314197
0.03868342
-0.03311061
0.07729445
-0.00675938
0.01560334
0.04418078
-0.01658954
0.06704487
0.01581292
0.10881148
-0.00393440
0.00592246
-0.00281440
-0.03146110
0.04995981
0.03554643
-0.00740929
0.00066930
-0.00567988
0.08944889
0.04937467
-0.12072523
0.12864564
0.09335656
-0.03410863
0.04522926
0.11922196
0.03414778
0.02872704
0.04179319
-0.04916433
-0.08341847
-0.08599091
-0.04545294
0.08180303
0.07565908
-0.01722657
-0.05134570
0.02484245
-0.07654896
0.07789135
0.08193444
-0.01338170
0.05068247
0.03981648
-0.02725663
0.10964286
-0.03378169
-0.02042120
-0.06810878
0.06009769
0.08079448
-0.13820691
-0.00721863
0.02442457
0.05336880
0.05116965
-0.02428571
0.02761167
-0.02664594
0.02838477
0.00726540
0.00098421
-0.00208446
-0.11155080
-0.00407162
0.02094017
-0.03098344
0.03323647
-0.01301566
0.03610651
-0.03639417
0.02295795
0.06676668
-0.11530802
-0.06156762
-0.06121593
-0.01170827
0.15124145
-0.02259926
0.05038607
0.07210217
0.04472897
-0.02525149
-0.04236808
-0.00622825
0.11102691
-0.21459578
0.10077667
0.10336787
-0.04034590
0.02717536
-0.14198703
0.10061919
0.06408623
-0.03123998
-0.04824749
0.01170547
-0.20927332
-0.04591278
0.13195854
-0.24728236
-0.17059767
-0.02780152
0.05200349
-0.08401425
-0.02921845
-0.13082491
-0.14233501
-0.21939546
-0.06813975
0.01047476
0.09013885
-0.03179462
-0.03789346
-0.06346234
-0.19531459
-0.00304975
0.17643429
-0.00006497
-0.09122830
-0.15292671
-0.09416650
0.07861998
-0.09641423
-0.14928460
-0.07649026
0.08582836
0.15885763
-0.26994878
-0.08259050
0.21120785
-0.02943611
0.15373801
0.00365040
-0.13629737
-0.06189717
-0.15302119
0.11763012
0.07936400
-0.03390884
0.00944131
0.16284683
0.35781768
0.11600497
-0.19023025
-0.07160946
-0.01177527
-0.04714245
0.08023132
0.06502297
-0.03692123
0.00080847
0.02855226
-0.08744337
-0.00117930
-0.00952731
-0.03295871
-0.07471853
0.04199918
0.01691974
-0.03957029
0.01274618
-0.05230940
0.00807415
0.02109046
-0.01673311
0.03562894
0.04508771
-0.02951571
0.00284035
-0.04220169
0.07185778
0.04222137
0.10726923
0.09915012
-0.05578616
0.02239628
-0.00271205
0.07109839
0.04905961
0.00208793
0.02570292
0.02288226
0.06295761
-0.04812315
-0.02781017
-0.07071386
-0.02710594
-0.00814952
0.09465921
-0.01059617
-0.02954997
0.03427199
-0.05121221
0.01550811
0.03258219
0.01056721
0.02296879
0.07702829
-0.01654207
-0.05612027
0.00882999
-0.00874295
-0.07329854
-0.00720529
-0.07402905
0.05275413
0.00701112
-0.04775037
0.01545285
-0.04495244
-0.03716303
-0.03657673
-0.05261550
0.08912299
0.01233819
-0.04380431
-0.01978117
0.00948705
-0.05314741
0.03914364
0.00592287
-0.04871805
0.02946777
-0.04323727
0.01061573
-0.04258256
0.02709827
-0.01104010
0.04062711
0.00085328
-0.01186961
-0.01906982
0.01796663
-0.01485763
-0.04476796
0.01964496
-0.01168725
0.05785469
-0.07570086
0.02903091
0.06909928
-0.06813842
0.04478193
-0.00144727
0.00042991
-0.00189473
0.02136808
0.00985318
-0.00613737
-0.02930262
-0.00497374
-0.05070296
-0.03048480
-0.06557334
0.02952319
0.09370795
0.02178692
-0.02488142
-0.01842825
-0.07944780
-0.00716643
-0.03820906
0.04853261
-0.04127348
-0.01192907
0.01980634
-0.06311265
-0.03528463
0.03165910
0.02210119
0.03202494
-0.00007833
-0.00264248
0.05123309
-0.07333095
-0.03194062
0.07346237
0.03202444
-0.02464639
0.03074716
0.00151182
-0.02042068
-0.04000963
-0.09278709
0.01152201
0.02287589
-0.03168835
-0.00548639
0.04402737
0.01336036
-0.05328310
-0.09096595
-0.01710667
0.03223419
0.01159391
0.05497883
0.06720553
-0.00778302
-0.07320353
-0.01397941
0.00491043
0.01130199
-0.06847705
0.00837963
-0.08726273
0.02202979
0.04080665
-0.04972814
0.04307594
-0.05456934
-0.06308623
0.03685107
0.03168141
0.02946692
0.07377390
0.00817098
-0.01618988
0.09383209
0.03895701
0.01976857
-0.02948647
-0.08197575
-0.01415042
0.00918916
-0.04042881
0.03923628
-0.01490770
-0.02003675
0.05697939
0.10742387
-0.01134663
0.00048495
-0.05884965
-0.05593275
0.05953383
-0.02639120
0.08940069
-0.10031095
0.02311156
0.05394214
-0.01884188
-0.06945581
0.04761682
0.03950310
0.01621841
0.02739205
0.00332267
-0.05393379
0.04259149
-0.01364264
-0.05933886
-0.00950026
0.04202588
0.03799990
0.00523305
-0.01798569
-0.02121835
0.01724975
0.06678592
-0.04244003
0.04012350
0.08124613
-0.01454696
0.02550406
0.01522618
0.04727103
0.03808491
0.09238800
-0.08472148
0.02165063
-0.02654280
-0.07997981
0.07371940
0.03864313
0.01165906
0.03406634
-0.03543014
-0.03060691
0.04542385
-0.04544142
-0.00968263
0.02153163
-0.01050789
0.03470707
-0.06158368
0.06635071
-0.03926066
0.07188188
0.04073408
0.00284010
0.01303785
-0.02951904
0.00134727
-0.01089892
-0.00946425
0.04949838
0.04308974
0.05923945
-0.01729897
-0.02858811
0.07072283
-0.00528889
0.02545615
0.03017596
0.01128747
0.06312261
-0.02239265
0.00718160
-0.05523900
-0.01775810
-0.03734579
-0.02540517
-0.01004245
-0.00983381
0.04513952
-0.04260583
0.01164203
0.03684979
-0.03114232
0.00360929
0.07868719
-0.02277425
0.02881484
0.03691196
-0.04993114
-0.03034663
-0.00201677
0.00570473
-0.02240904
0.02783225
0.01065208
0.03010906
0.01934584
0.02227693
0.07715436
-0.03843432
0.06250054
-0.07437439
0.05256487
0.06060677
0.05297124
0.04279624
0.01213867
0.00023480
0.03017750
-0.06745047
0.02069835
0.08733416
0.04710132
-0.03998334
0.03967972
0.03433628
-0.00554694
0.06774297
-0.01230564
-0.04543469
0.02102118
-0.01872962
0.02695551
0.02933695
0.03805424
0.00166888
-0.11200861
0.05313764
0.01031657
-0.01110638
0.04745414
-0.00595237
-0.07430088
-0.08576347
-0.01192099
0.01068247
0.04139807
0.01708048
-0.07416307
0.06895276
-0.03370738
-0.05563811
-0.01248935
0.03777229
0.02050743
-0.00861213
-0.04962789
-0.03639320
0.10252685
0.03586495
-0.00019265
-0.01648089
0.11798396
0.05157212
-0.02580779
0.03885367
-0.04660071
-0.05564268
0.04519033
-0.09172117
0.01532324
0.09402478
-0.00122922
0.02841149
-0.02781060
0.04630147
0.07873668
-0.02131697
0.07143370
-0.01993224
0.00843226
0.01667293
-0.03307703
-0.01491610
0.05470088
0.04268218
-0.02388016
0.06070416
-0.02311744
-0.03157705
0.02503375
-0.01099922
-0.00322279
-0.01909730
0.03181924
0.00112372
-0.00295192
-0.02136442
-0.09133884
0.01077526
-0.00607155
-0.05040649
-0.01263166
0.00558930
-0.03945240
0.08409190
0.00446990
0.04071043
0.00459543
0.00426902
0.00312630
0.04966845
0.01029240
-0.03582918
0.07264338
0.01042008
-0.06809686
-0.05770408
0.02277691
0.05934077
-0.05875880
-0.02336485
-0.00561939
0.02869323
0.03706620
-0.03825101
0.07333478
-0.07006864
0.06166764
-0.02646941
-0.07444587
0.04117628
-0.00416251
-0.05542661
-0.01004681
0.05398205
-0.00546461
-0.04058717
0.01436987
0.07294363
-0.00025668
0.02424479
0.06386047
-0.04516414
0.03423101
0.00985565
0.00148605
0.05632664
-0.09575800
-0.00311888
-0.02896348
-0.06456982
0.00186262
0.04455200
0.02568112
0.00311009
-0.03976784
-0.00143013
-0.00608943
0.03952415
0.02185754
0.04711897
-0.10654901
-0.06663974
0.12731771
0.03964905
-0.07574747
-0.06606238
-0.01222919
-0.00031512
-0.02443728
-0.04351494
-0.05384603
0.00317282
0.00277075
-0.06261265
-0.02360420
0.02292998
0.07160116
0.01353833
0.01823691
-0.04217521
0.04348454
0.09229822
0.02225965
0.02669762
-0.04601793
0.02952045
0.00457614
-0.01612610
0.02906697
0.06955428
-0.00821201
-0.03377426
0.05389527
-0.06859750
0.07088179
-0.00462512
0.02295935
0.05187742
-0.03821284
-0.03754470
0.03981863
0.06173425
-0.01490203
0.05708266
0.01220720
0.04470106
-0.05801019
0.03776330
0.04414729
0.00100386
-0.05026035
0.02559474
0.05435692
0.01113107
-0.00913010
-0.00220464
-0.00894632
-0.00991682
-0.04936806
-0.01350668
-0.00131955
0.01752080
-0.00151615
-0.02650930
-0.01162712
-0.03404820
0.02056199
-0.02345619
