0.02600485
0.06821378
0.10114801
0.08159895
-0.02315135
-0.03272115
0.03873535
0.02299183
0.04599191
0.01589171
0.03397889
-0.00092767
-0.00119958
-0.04081096
0.04890534
-0.02363773
0.04956035
0.04559526
-0.00522248
-0.01158996
0.00067225
0.07372389
-0.00744112
0.07476506
-0.06104111
-0.04812775
-0.07857726
0.07640523
-0.03247510
-0.02986993
0.13869332
0.14637616
0.02491981
0.06701837
0.10286716
0.05658013
0.08936931
-0.05218829
0.07539024
-0.07118702
0.02116954
-0.10651653
0.05363892
-0.04529287
0.05529109
-0.02489929
-0.02524010
0.09102003
-0.03114069
0.01851432
-0.00216797
-0.04046927
-0.05965953
-0.11039568
0.12264709
-0.02346498
-0.06916805
-0.02110692
-0.04436308
-0.00416887
-0.03773009
-0.06716504
-0.02716857
-0.06542397
0.03176312
-0.03958303
-0.02154343
-0.13404544
0.02170296
-0.00501856
-0.05955532
0.09068803
-0.06651238
0.13756099
0.04862982
-0.02868307
-0.05451651
0.05078173
-0.05897790
0.04044895
0.00139130
-0.09873473
0.12945995
-0.11318912
-0.00847407
-0.02069910
0.08065349
0.07829203
0.04034400
-0.02231557
-0.00187956
-0.07846798
-0.05902756
-0.04926596
0.07122982
-0.01568876
0.10304783
0.10038721
-0.01351740
-0.10769434
-0.04951539
0.09447024
-0.07395939
0.00436007
0.04740275
-0.13908964
-0.03370460
-0.08664846
0.01570572
0.13589746
-0.10029401
0.10004310
0.01158957
0.02790953
-0.02124926
-0.01008236
0.11042051
-0.03896243
-0.05828573
-0.00974500
0.07025032
0.00981534
0.03090201
-0.02386698
0.02512326
0.04493153
-0.05827799
-0.04039486
-0.08380152
0.02618101
0.04999733
-0.00383489
-0.03880348
0.01983516
-0.04258370
-0.08497661
-0.14323260
0.01917179
-0.02064775
-0.00396885
-0.08222013
0.12295403
-0.09420358
0.08299556
-0.11864517
-0.08463930
0.00442865
-0.02975708
0.08693010
0.01742674
0.01026222
-0.02244451
-0.08331433
-0.11960632
-0.07811211
-0.00723165
0.02557307
0.04208478
-0.01573168
-0.00077210
0.06876086
-0.02725226
0.09752513
-0.06784055
-0.02442642
0.06419715
0.03650495
-0.01007529
-0.09092630
0.01359934
0.01878273
-0.01884117
0.07880177
-0.09310832
-0.07125791
-0.07240020
0.04501432
-0.03074652
0.04287174
0.00626463
-0.05061758
0.06340051
0.08814305
-0.03776998
-0.07430501
0.12491719
-0.04778300
0.12377612
0.00539801
-0.03976183
0.04465785
0.01525730
0.08470656
0.01559773
0.02013735
0.01639839
0.05076110
0.01068045
0.07282010
-0.00020389
0.11892380
0.09253560
0.03474576
0.05729348
0.01361796
-0.06844810
0.00823846
-0.01254187
0.00784655
0.02842400
-0.02579485
0.05749875
-0.04132058
0.09176359
0.02401450
-0.04397343
-0.04163440
0.04355871
0.02915959
0.08627093
-0.00859143
0.00852964
-0.11458978
-0.10149483
-0.00500877
0.02265299
0.01757127
0.07382772
-0.06286267
0.11774909
0.05088490
-0.03421677
0.04795453
0.01349938
-0.03164827
0.01100774
-0.00918959
-0.04846311
0.03143942
0.06424599
0.01562459
-0.11847594
0.04687854
0.03118467
0.03173525
-0.06806948
0.09625480
-0.01705207
-0.11157978
-0.07043864
-0.02771430
-0.06108386
0.11219636
0.01148546
0.03823996
-0.02194586
0.00436995
-0.04479843
-0.00865704
-0.01160744
0.06689323
-0.20722149
0.10179535
0.09596632
-0.07501785
0.01138182
-0.11101691
0.13222352
0.05005722
-0.03848402
0.00824228
0.02956019
-0.18766083
-0.08148354
0.14213121
-0.24882786
-0.15925923
-0.04694702
0.01324837
-0.10209569
-0.04809987
-0.11806373
-0.16077483
-0.23216973
-0.02762447
-0.00635392
0.09147935
-0.06409813
-0.00473101
-0.06055677
-0.17702849
-0.02614485
0.16372684
0.00366257
-0.09276637
-0.18389697
-0.12839708
0.06366211
-0.08152149
-0.16491432
-0.12227644
0.10553648
0.18065278
-0.23567750
-0.06677396
0.20815949
-0.03919300
0.15727608
0.00704574
-0.18478239
-0.03116263
-0.17884971
0.12183001
0.07742916
-0.03196123
0.03950703
0.16787261
0.31850633
0.10862452
-0.19797355
0.02749617
0.01816057
-0.00478183
-0.03241989
-0.11590765
0.04245393
-0.02834993
0.04638324
0.06990332
0.02542083
0.01550618
-0.03366380
0.01990296
-0.04844887
-0.00021625
0.00485542
0.00818629
-0.00482080
0.01665179
0.09553671
-0.07261655
-0.02522753
0.00443491
0.02232826
-0.04081378
0.06067602
-0.00684419
0.12485246
-0.04083852
-0.04865027
-0.03280693
0.03834562
0.02639283
-0.02113899
-0.02380938
-0.03178626
0.04227661
0.08512961
0.02666483
0.02431652
0.06078107
-0.03758516
0.00628463
0.04132068
-0.05228813
-0.00947566
0.01335678
-0.05863269
0.01917607
0.03534649
0.01839952
-0.03417987
0.04642322
-0.01258520
0.04852429
-0.02596839
-0.00940320
-0.04081676
0.02979842
0.00591642
0.07105274
-0.00989894
0.04302879
-0.01640534
0.04406119
-0.00032361
0.03239140
0.04149381
-0.03909633
-0.05702117
-0.04723950
-0.02639286
-0.01132280
0.01842124
-0.04802922
-0.02560070
0.01977370
0.00500632
0.07962402
-0.01794513
0.04973900
0.04310625
0.01320840
0.00730763
0.04707783
-0.08074081
-0.01742680
0.02081863
0.01216868
-0.03323556
-0.03599925
-0.05166115
-0.07012658
-0.02872146
0.00010051
0.05158163
-0.02335528
0.03651003
-0.03770290
0.03131276
-0.03900884
-0.00421071
0.02877831
0.02104223
-0.06319383
-0.03529852
0.00375556
-0.00257798
-0.00986561
-0.03160783
0.05908712
0.05133921
-0.04656799
0.02324826
-0.07355712
0.00531708
-0.02959849
0.00712184
-0.04713731
-0.02697657
0.03040989
-0.01124804
0.01756245
0.01216203
-0.04823534
-0.00553979
0.04143943
-0.05674814
-0.05385266
-0.02681747
0.01943500
0.00708633
-0.03597216
-0.01129193
0.03138658
0.04862664
-0.04204749
0.00436281
-0.02413050
-0.03042451
-0.01435469
0.01481609
-0.01291296
-0.01981269
-0.00860663
-0.03494235
0.00768643
0.00672463
-0.10453679
-0.02126624
0.06069174
0.09861063
-0.00530827
-0.02774200
0.01039549
0.01434043
0.07045656
-0.03378988
-0.01927167
-0.00801193
-0.01155239
-0.05717924
-0.00336360
0.02753786
-0.00257544
0.01644902
0.00869759
0.01250230
0.00915534
-0.05553657
-0.03505215
-0.07444083
-0.03276591
-0.02533050
-0.02535058
0.00831203
0.01373735
-0.03638266
-0.02533328
-0.00548459
-0.01499650
0.06041846
-0.04206710
0.02755471
-0.03328362
-0.03919119
-0.06148225
0.01997330
0.01304349
-0.01500819
-0.01456227
-0.03248325
-0.03305404
-0.01643797
-0.06747414
0.01049634
-0.00634866
0.01632502
-0.02106451
-0.00597123
-0.02185525
0.00447258
0.01801247
0.10479265
0.02344640
0.01088636
0.04406487
0.06791434
0.00107711
0.01978070
0.02482724
-0.00079077
-0.04759187
-0.00814719
-0.06603709
0.08607768
-0.00524317
0.03217190
-0.03199747
-0.00551922
0.02343894
0.03390945
-0.00072591
-0.04475505
-0.01260057
0.00867954
-0.00141714
0.01306624
0.00337038
-0.07727449
0.01398320
-0.07722606
0.05879572
0.09663865
-0.04609338
0.09588727
0.01471814
0.13172790
-0.02642767
0.04928482
-0.01120434
-0.04840251
0.02582833
0.01910156
0.00137027
-0.00728237
-0.11686533
0.00879563
-0.01258505
0.04746282
-0.03260469
0.03594100
0.02294838
-0.03565140
0.00177521
0.01372999
0.04137392
-0.01393657
-0.04324180
-0.00423632
0.03599727
0.03524746
0.11621956
0.03282543
-0.00487302
0.01595265
0.04534558
-0.00905953
0.06648919
-0.03138568
0.02860096
-0.00093550
-0.00686711
-0.07090747
0.00589482
0.01821812
-0.02310168
0.05910333
0.00084603
-0.03978227
-0.02852157
0.03203083
0.09933721
0.00929286
-0.04714899
0.00169917
0.02851442
-0.07943726
0.12962508
-0.08035859
-0.01997575
0.06515604
-0.03351338
-0.03736831
-0.02621532
0.00396943
0.00149076
-0.05964318
0.05718514
-0.00506526
-0.05582350
0.01558092
0.04753740
0.04397241
-0.07945447
0.05174651
-0.04333679
0.02536576
-0.00610874
0.02223304
-0.03723878
0.01633461
-0.04077298
-0.05576490
0.01154721
-0.05280530
0.08768333
0.01515389
0.04673766
0.00298970
0.05544575
-0.01397414
-0.06089522
-0.03249223
-0.04175483
0.05790482
0.02875720
-0.02624281
0.02176677
0.02218243
0.03618605
-0.05337784
0.07525750
0.09600201
0.06568255
-0.01289103
-0.00632495
-0.01802547
-0.02260324
-0.01582989
-0.06381510
-0.01901867
-0.05262525
0.02735829
-0.08028717
-0.01873313
0.06050741
0.03332828
0.06158322
0.07268284
0.00508915
0.01262463
0.09590399
-0.05122817
0.09579502
-0.05991261
-0.02569863
0.00335750
0.06087978
-0.02738715
-0.02152610
-0.05076176
0.10809100
-0.07562298
-0.02589929
-0.07072762
-0.06673165
-0.00755627
0.03490808
-0.09241688
0.00145864
-0.01892397
0.03249830
-0.02013169
-0.02886550
-0.00289986
0.02901869
0.04664446
0.05047654
-0.06536070
0.10641580
0.01359779
0.05035968
-0.02235731
0.04311149
0.05828909
-0.00841677
-0.01029592
0.02914359
0.00370444
0.05936626
-0.02336033
-0.01017736
-0.05011746
0.02905041
-0.01841875
-0.07183319
0.00444832
0.08604523
0.00734329
-0.00167643
-0.00071775
0.06891700
-0.00092698
-0.07480337
-0.08110560
-0.02151650
0.04467981
-0.07229477
0.03750724
-0.05046798
0.05051652
0.07549978
-0.02208841
0.09450960
-0.02683022
-0.01815898
-0.03555030
-0.07622503
0.05226895
-0.06181821
-0.02977769
0.02874358
-0.01296369
0.04088274
-0.01690441
0.02239157
-0.05632140
-0.07617757
-0.02597182
0.04545465
0.03545313
-0.03696599
0.06019242
-0.04412466
0.01007991
0.00191541
0.08388735
0.00980301
-0.04463234
-0.05655295
-0.00146958
-0.04534475
-0.01261762
0.05909902
0.09928988
-0.06478717
0.01326808
0.00293563
0.05911247
-0.02978923
-0.02942298
0.00343126
0.03797904
-0.04448256
-0.03811873
-0.00898489
0.02993622
-0.03668376
0.00159406
-0.04172346
-0.05546796
0.01125267
0.03410869
-0.10635740
0.00120677
0.02401179
-0.03759449
-0.04800044
-0.02237571
-0.00341265
-0.04946116
0.00069416
-0.09191296
-0.01780011
-0.01748116
-0.09773905
0.01496224
0.00019771
0.09797756
-0.01290446
-0.07958353
0.07233641
-0.06383662
-0.05466881
0.01767860
-0.00369102
-0.00145653
0.04047973
-0.03986214
0.01953324
0.10787842
-0.00436231
0.10365260
-0.01516394
-0.03950729
-0.00098423
0.00085652
-0.02097374
0.06396642
0.06927808
0.04372017
0.01266876
0.03537799
0.01155374
0.02812761
-0.02978450
0.02350194
-0.00063863
-0.00669206
-0.03951718
0.05527594
