-0.06634823
-0.07782758
0.05087174
-0.09240475
-0.00576031
-0.01264568
0.01119826
0.06844919
-0.03918040
-0.05180738
-0.13062252
0.03516959
-0.06883132
-0.02303526
0.07208248
0.08677167
-0.12170447
-0.13362211
-0.01448985
-0.05239451
-0.06441557
0.07446460
0.12550603
0.03374963
0.04717053
-0.03183739
0.04742428
-0.05121576
-0.08796588
0.08922035
0.05305190
-0.08542228
0.10230138
0.00068422
-0.06463520
-0.07849380
0.06292832
-0.02149579
-0.08379971
-0.01368385
0.06280999
-0.01269386
-0.02127160
0.06501395
-0.00711317
-0.07709635
-0.02427105
0.00883239
0.04724364
0.07149032
-0.06332863
-0.08946845
-0.04170473
-0.05674622
-0.02055647
0.04187839
0.00238031
-0.01660067
0.01968178
0.10734137
-0.04554482
0.07835536
0.01418862
-0.07232029
-0.08018056
-0.02154633
0.06924917
0.01917062
0.07029162
0.04205121
0.07600934
0.01982821
0.04890869
0.01991862
-0.04158929
0.09459504
-0.06289940
0.06217767
-0.04334965
-0.02921790
-0.04341998
-0.12928058
-0.00966979
0.07484019
0.07685754
-0.05695474
0.09057204
0.01342935
-0.05022658
0.11015522
-0.06375970
0.06474449
-0.06296129
0.09150095
0.11386272
0.11865799
0.01048061
0.04195681
-0.02184262
0.02399122
-0.07934509
-0.02223019
0.07302780
-0.01960708
-0.03003106
0.00809624
-0.04229288
-0.06722654
-0.02197169
0.00094777
-0.11435989
-0.00382425
0.04634262
-0.07810379
-0.07515984
-0.01947677
0.04648832
-0.04764166
-0.01525198
-0.00830923
-0.10895415
0.05065000
0.03676366
0.04382281
0.08375298
-0.05697573
0.04773770
0.05443442
0.02010077
-0.01435066
0.03696061
0.05246048
0.13392478
-0.03683532
-0.06043639
-0.00005664
0.04434280
0.03892240
-0.00329622
-0.01334025
-0.03935422
0.00356780
-0.01362961
-0.04635299
-0.01302639
0.05271987
0.00578989
-0.06195275
-0.07771851
-0.13494582
0.11984584
0.05129426
0.03552191
0.04135949
0.05910132
-0.03149955
-0.01769869
0.00846946
-0.02214035
-0.02697698
0.07670402
0.05860259
-0.06177435
0.08437969
-0.09795399
0.01248051
-0.04822795
-0.05854758
-0.10289136
0.05311439
0.08117070
-0.12682998
-0.09022519
-0.01089619
-0.06978205
0.03054434
-0.04427474
-0.01443547
0.00107592
-0.11868723
0.04448809
-0.07216263
-0.02461238
-0.00148445
-0.05190131
-0.04787569
0.02181247
-0.04178735
-0.01542546
-0.02114874
-0.02769444
-0.12321065
0.02656781
0.02406155
0.00363955
0.05414200
-0.07264874
-0.00403886
0.02926498
0.00640338
0.03041970
-0.07983608
-0.12235928
-0.00804571
-0.02326584
0.09859275
0.08763578
0.04817790
-0.04083063
-0.05609233
-0.06047755
-0.03129546
-0.02865980
0.04753826
-0.03521225
-0.09120449
-0.02293939
0.06614672
-0.06203884
0.04438621
-0.08169273
-0.05306810
-0.02793660
0.14853206
-0.07808518
-0.08278283
0.06245799
0.01283555
0.00873414
0.08762415
-0.08238304
-0.03963465
-0.01491252
-0.18514158
0.01063397
-0.06464279
-0.09142939
0.08262844
0.04444452
0.10647531
-0.09854079
0.07816983
-0.03853675
-0.01385222
-0.03779777
-0.03914901
-0.13518763
-0.04309759
0.00861628
-0.00830325
0.01968210
0.00445534
0.02101088
0.04359709
-0.08190627
-0.00633949
-0.03952683
-0.04920359
-0.08296763
0.14528312
0.08307546
-0.10596120
-0.02637572
-0.01459360
0.05088285
0.10649042
-0.07041036
0.10430475
-0.06814326
0.01446423
-0.02067925
0.05517579
-0.21189050
-0.01400200
-0.01386640
-0.26704890
-0.10980215
-0.02729381
0.19145751
0.02102990
0.00645836
-0.13492163
-0.17700170
-0.23280205
-0.00383885
-0.06832437
-0.04251825
0.03634122
0.09610519
0.06908114
-0.09910365
-0.10896512
0.09549064
-0.01634760
-0.06369000
-0.25753897
-0.11532986
0.04607369
-0.11651312
-0.07233605
0.01002984
0.14875491
0.18107069
-0.26431772
0.03697871
0.20879763
-0.05383650
0.05605540
0.03711861
-0.20477284
-0.10422386
-0.13785280
0.04985701
0.09094217
-0.14143728
0.09928329
0.06274956
0.31546712
0.13357627
-0.26857489
0.00926506
0.04552668
-0.06305075
0.03377129
0.03456558
-0.05086081
0.06891116
0.01050650
-0.03937056
0.04908735
-0.02654362
-0.05801959
-0.02737211
-0.06554657
-0.01180220
-0.04129325
-0.07326687
-0.05466836
0.03870872
-0.06218312
-0.00885196
-0.02899301
-0.04594038
0.01375283
0.01720539
-0.06504276
-0.04346995
-0.04173315
0.04561017
-0.08010425
0.06169624
0.06966990
0.02160299
-0.04783688
-0.04806503
-0.02128162
0.03124780
0.00384725
-0.01151695
0.05934107
-0.05027332
-0.06540452
0.01115377
0.01698892
-0.00838705
-0.03928014
0.00376716
-0.04824326
0.04182700
-0.03345909
-0.00765053
-0.07150944
-0.02820102
0.05569733
-0.04604145
-0.06699764
-0.00877539
0.04672173
0.00898567
0.06495646
-0.03526800
-0.05489261
0.01842271
0.02165387
-0.07895678
-0.05131031
0.03911243
-0.05991758
0.05090474
0.04344171
0.05501115
0.01203490
0.01939396
0.00981638
0.04356226
0.06528796
-0.00027902
-0.00326326
-0.00301452
-0.04666360
0.04038702
-0.07847645
-0.05249712
0.09338865
-0.02194258
-0.05546078
0.04373451
-0.01984271
0.03181561
-0.07470898
-0.08390254
-0.01207390
-0.06051683
0.06272525
-0.00553700
0.01316572
0.04531046
0.06374352
-0.02195740
0.06182530
-0.00923397
0.05128948
0.03464290
0.01240334
-0.06421153
0.07947823
0.00109654
0.08591635
-0.07555667
0.05379216
-0.03270630
0.01252444
0.01366902
0.05334643
-0.01875185
0.05834904
0.02691761
-0.04802271
0.06112535
0.05264055
-0.03324458
-0.01831552
0.01501048
-0.06921875
0.00051385
-0.00144647
-0.03041658
0.04511114
0.05980157
0.00164705
-0.01466495
-0.01192397
0.07769338
0.02979776
-0.05912500
-0.02728787
0.02281186
0.00269096
0.01752613
0.04364288
0.07280798
0.06704753
0.06670497
-0.01856139
0.05218713
-0.02776284
-0.01958494
-0.04097405
0.05676285
-0.05943229
0.03802444
0.02523212
-0.05170460
-0.05593562
-0.05977573
0.03518640
-0.05077083
0.04693729
-0.01524290
-0.06454828
0.00619361
-0.05590184
0.08262886
0.04575156
-0.01821541
0.04529739
0.02861111
0.03363473
-0.00699730
0.00704012
0.07259985
0.04155454
-0.08256912
-0.00666578
0.03178424
-0.03957906
0.03893100
-0.03393779
0.03264924
0.07676566
-0.03578942
0.00218999
0.07135900
-0.10917558
0.08233888
0.11124260
-0.05356109
-0.08558930
0.00045779
0.05340960
-0.05189780
0.01336628
-0.01646233
0.00930192
0.02898782
0.02515524
-0.04928023
-0.06288071
-0.04161900
0.01514223
0.06983395
0.00273416
0.04237962
-0.07763767
0.07336500
-0.05819501
0.01711980
-0.01343546
-0.04886778
-0.02070341
0.01204367
0.00257706
-0.02439838
-0.03971304
0.03751945
-0.02270547
-0.00233249
0.03591384
0.00654122
-0.01927683
-0.00766054
-0.02977150
-0.05627869
0.06566475
0.00166876
-0.04042757
-0.03365394
-0.06561630
-0.00224924
-0.01506350
-0.01939912
0.05106118
0.02838635
-0.02720812
-0.02764180
0.05065861
0.05687287
0.01514068
-0.04230488
-0.00217878
-0.00726194
0.04578732
-0.04746534
0.00084715
-0.03267504
-0.04423925
0.07624339
0.07306401
-0.01335710
-0.02780948
-0.03411387
-0.01953909
0.03703812
0.01712678
0.01450016
0.04566622
-0.03286757
0.02956120
-0.03043710
0.03891611
0.02863747
0.00878265
-0.05772090
-0.06921653
0.04083193
-0.00861108
-0.01061334
-0.03446950
0.04147472
-0.01738436
-0.04937401
-0.00326812
0.08817284
-0.01493856
0.01689569
0.04079362
-0.02014982
0.00167186
0.04981372
-0.01700900
0.06971210
-0.05912323
0.02279197
-0.00166824
0.03749387
0.00227671
-0.01836974
0.04208860
-0.01418293
0.04691840
0.05370847
-0.02671734
-0.00950418
0.05212186
0.02608710
0.01128778
0.04468550
-0.03803788
0.04838820
-0.03636912
-0.00462113
0.02542637
-0.05238890
0.06284586
0.01829617
0.04580349
-0.01879909
-0.03073092
0.01173442
-0.01234328
-0.03027202
-0.01034455
-0.07989002
0.00450062
-0.03504202
0.00760789
0.01756558
-0.06840251
0.02022371
-0.04951670
0.03578626
0.00613958
0.03468802
-0.00359089
0.01805032
0.02144095
0.05097112
0.02625658
-0.00205341
0.04463989
0.01313594
0.03245942
0.01062680
0.05360168
-0.00233929
-0.04343932
0.04436153
-0.04151690
-0.00970015
-0.00333219
0.01157119
-0.06823031
0.02839440
-0.01313366
-0.01397686
0.03941561
-0.02090699
0.06882006
0.04702713
0.02562110
-0.03255330
0.03337580
-0.06133595
0.04570547
-0.00127486
-0.05992276
0.02855879
0.02741814
-0.01157106
0.04031173
-0.05815657
0.07920735
0.05138737
0.05164541
0.04698117
0.01017201
0.05411085
-0.04070067
-0.00880391
-0.01524097
-0.00050855
-0.00516387
0.05962497
0.05633876
-0.07644133
-0.00162398
-0.01277081
0.05592881
0.07469115
-0.00971752
-0.10571858
-0.03336454
-0.05561938
0.01929103
0.03250441
0.01214787
-0.04690745
-0.02718747
-0.09000216
-0.06524885
0.06106663
-0.01504682
0.08964272
-0.00329926
0.01248407
-0.02178957
0.01381517
0.06167682
-0.05780233
0.02865599
-0.03734795
-0.02777111
0.01180893
0.04649217
-0.02096826
-0.02775504
-0.01044338
0.06350616
0.03991259
0.02494857
0.00716936
0.05427666
-0.03603978
-0.07645861
0.03864552
-0.00444143
-0.00492916
-0.06095898
-0.00148655
0.01656486
0.06132885
0.02836457
-0.01381492
0.04063944
0.01934877
-0.04896611
0.04052071
-0.07049570
-0.00639463
-0.04213418
0.02426820
-0.07083724
0.02842407
0.01645713
0.04188859
-0.05651838
0.02522734
-0.07685773
0.01976866
0.03799775
0.06357396
-0.03156482
0.02729250
-0.07705130
-0.06671322
-0.02725976
0.04294755
-0.06430135
0.02358359
0.07566319
0.03587304
-0.03774578
0.05426535
-0.00105066
-0.01860754
-0.05066273
-0.01901293
-0.06481576
-0.01587587
0.00152487
0.01986362
-0.05831221
0.03780759
0.07204108
0.00475671
-0.06557176
-0.03208734
-0.00598406
0.04102123
-0.02821751
-0.06395254
-0.07987507
-0.00238177
0.09949011
0.08345998
0.06058192
0.04929656
0.03000051
-0.03938768
-0.04325854
0.07442463
-0.05533112
0.04678079
0.04390842
-0.03993540
0.04577797
-0.04481233
-0.05038184
0.01858853
-0.03202311
0.00713026
-0.04396311
0.05262224
-0.01157388
0.04996538
0.01010431
0.03125733
-0.03313513
0.00668673
0.06204029
0.05929402
-0.00740527
-0.00309948
0.01230337
-0.05203820
-0.06061734
0.06793108
0.08418331
-0.03891688
-0.07968061
-0.03936788
0.07164734
