-0.03849164
-0.10956889
0.08562989
-0.08200046
0.05350795
-0.10619090
0.00413376
0.07806440
0.05754671
-0.07054788
-0.06025239
0.01845567
0.04971180
0.02835522
-0.03582327
0.08358737
-0.09086677
-0.13278475
-0.02547862
0.00089502
-0.03750749
0.01581408
0.04473383
0.08583105
0.02840326
-0.06789386
0.03512817
0.04891826
-0.00243718
0.04456437
0.05736167
-0.00872157
0.08116654
0.05256530
-0.00181783
-0.04789721
0.12583485
-0.09667425
-0.03896481
0.08196665
-0.02178887
-0.05938592
-0.01729972
0.01424481
0.00661820
0.02099974
0.05863787
-0.11790978
-0.02783384
0.15247484
-0.02851838
-0.06135191
-0.07414335
0.07833983
-0.09495986
-0.03402239
-0.02828819
-0.06210980
0.03260244
0.07446542
-0.05368555
0.06775168
0.00520280
-0.05003174
-0.09137817
-0.03082087
0.01665254
-0.07115985
0.10741787
0.02841678
0.10298514
0.08739612
0.10949238
-0.02756701
-0.07345320
0.15221976
-0.04369337
0.04098477
-0.04415338
0.02219470
-0.03604082
-0.06245428
-0.01053272
0.01339735
0.12337018
0.01188205
0.17411773
-0.01312227
-0.07099229
0.04853014
-0.02093674
0.07592853
-0.07727370
0.07502666
0.07631502
0.00097011
0.02377016
0.01258905
0.05540542
-0.05831175
-0.04001546
0.05094677
0.05745505
-0.05140287
0.04822796
-0.02752210
-0.00755895
0.05360473
-0.03156367
0.06117382
0.00203245
-0.05576000
-0.04134050
-0.04787993
-0.00880064
0.03821574
-0.01411499
-0.01139473
-0.01314789
-0.06771471
-0.19207811
0.08649561
0.05477349
0.06508554
0.08586107
0.01469523
0.09587275
0.10922662
0.05088438
0.00967750
0.09740376
0.07617141
0.11303326
0.02304734
-0.06149014
0.01632989
0.00328342
0.01136696
-0.07701962
0.07808463
0.01654081
0.03484172
0.03752081
-0.12121192
0.01359730
-0.02228203
-0.04892245
-0.00457269
-0.04076270
-0.09480564
-0.00383656
0.04382579
-0.01814099
-0.10026995
0.03844308
0.03166193
0.01941133
0.05314295
0.04164302
-0.05959550
-0.00889656
0.06270956
-0.03570197
0.07032451
-0.01336515
-0.03451932
-0.05443757
0.03615999
-0.08927964
0.08488388
0.04053507
-0.07387266
-0.06010887
-0.05872158
-0.01727110
0.09930895
0.01837611
-0.06129769
0.00411962
-0.00045138
0.04697673
-0.07171390
-0.03693961
0.02366732
-0.01582388
-0.08359440
0.04680026
0.01917613
0.00752783
0.04343556
-0.12370436
-0.13277718
-0.03269116
0.03639922
-0.03333311
-0.02902733
-0.03541036
0.09842096
0.06560268
-0.02143222
0.03960659
-0.04147823
-0.01924857
-0.00456700
-0.13031340
0.09428298
0.01715269
-0.03080166
0.03464134
0.04894866
-0.02216432
0.01941116
0.02208239
0.03643709
-0.02211981
-0.06074795
0.00596536
0.02913556
-0.01550497
-0.00880122
-0.11237279
-0.11927734
0.01575367
-0.01249001
-0.05180839
0.00686528
0.07159022
0.08122084
0.03164437
-0.08201540
-0.17331728
-0.00386824
-0.00853137
-0.14125724
0.04883252
0.07287392
-0.06572784
-0.01660636
0.04522276
0.04497636
-0.05759344
0.01337817
0.02943148
0.03364680
-0.03726852
-0.05261745
-0.07138222
-0.01002327
-0.07507306
-0.07803410
-0.02876668
-0.01771701
0.05743203
0.03314605
-0.11893725
0.00913450
0.03962056
-0.05677757
-0.07549424
-0.03692937
0.07568289
-0.14658435
-0.01817459
0.07616439
-0.00458016
0.16905679
-0.08313556
0.14097136
0.07718688
0.03785667
0.01035742
-0.10012558
-0.25118878
-0.06508313
0.08086421
-0.27605003
-0.15772551
-0.10344370
0.09382228
0.04394246
0.05222841
-0.12928601
-0.18890870
-0.15997922
-0.01288970
0.00870823
-0.03597372
-0.05554328
-0.03626963
-0.12761042
-0.21395294
-0.08592589
0.11155978
0.08248355
-0.01403394
-0.15994854
-0.09744187
-0.02457096
-0.00674276
-0.18090983
-0.12506346
0.11335234
0.20108069
-0.25510603
-0.06879594
0.15381177
0.03864299
0.10333239
-0.01251823
-0.14224525
-0.04115663
-0.14182702
0.15875249
0.14599961
-0.06736398
0.13886125
0.03084311
0.33978614
0.03043585
-0.19251911
0.00800762
-0.01620780
-0.03647881
0.03298109
0.04079873
-0.02633498
0.00851136
-0.06104047
-0.06371117
0.05912137
-0.00135026
-0.04760670
-0.05769764
-0.04244797
0.01074288
-0.10601719
-0.06961196
-0.10606483
0.10343321
-0.04427028
-0.05305706
0.00021899
-0.06227235
0.06222760
0.00757940
-0.05060497
-0.04603725
-0.05003064
-0.00170026
-0.04121923
0.03542621
0.02337272
0.06326956
-0.07587872
-0.06900457
-0.07277212
0.04828439
0.03393383
0.01314064
0.05501651
-0.03513734
-0.04709641
0.02342015
0.00369906
0.00682831
-0.04551215
0.02010603
-0.03329230
0.03814529
0.00239862
-0.00582800
-0.02296769
-0.04894234
0.02005125
-0.08564011
-0.04478494
0.03369077
0.02808042
0.02146316
0.08793184
-0.00909586
-0.05521219
0.03183988
0.02567930
-0.05548090
-0.08681490
0.00912352
-0.00742281
0.01679667
0.00645935
0.08550329
0.02646844
0.03160138
0.00548554
-0.00217946
0.05274870
-0.01568039
-0.06366298
0.03995121
-0.02408363
0.04468449
-0.03427732
-0.06129815
0.05787734
-0.04749534
0.02685408
0.03210257
0.04540664
-0.00226529
-0.03268326
-0.00096944
-0.06872702
-0.02899929
0.06678773
-0.03332321
-0.01856561
0.00637622
0.03256518
-0.04629605
0.04762635
-0.03068599
0.03210172
-0.01860936
0.00910372
0.00093364
0.07146098
0.03105406
0.05687604
-0.03858764
0.06324918
-0.03976679
0.01254390
0.06309788
0.02934644
-0.01402635
0.01090511
-0.03042465
-0.04077061
0.06149964
0.00744761
-0.02527370
-0.05798102
-0.02653143
-0.06089571
0.01297658
-0.09317848
-0.03395070
0.08549713
0.06968626
0.04840237
-0.01017526
-0.03135156
0.01298208
0.07445601
-0.04420954
-0.00956542
0.01843951
0.00187586
0.00771301
0.04939582
0.01996629
0.06390597
0.05332688
-0.01253930
0.03731075
0.02530283
-0.03486783
-0.05826570
0.00198325
-0.00791459
0.01893352
-0.02166711
-0.03960990
-0.03376196
-0.06999589
0.02692535
-0.02432380
-0.00733186
0.00746614
-0.03917361
0.02779608
-0.09045161
0.07639106
0.04954651
-0.02671862
0.00883055
-0.01514842
0.06006732
-0.01978425
0.01721067
-0.00669439
0.04676703
-0.02274727
0.03545067
-0.01131548
-0.01839382
0.04564056
0.00658290
0.00962352
0.06602137
-0.03758071
-0.00668776
0.02550883
-0.04464398
0.09238582
0.09351800
-0.03873114
-0.05689091
0.01886020
-0.00556418
0.02328034
0.05635528
0.04254733
0.00638351
-0.04635644
-0.05444507
-0.02992911
-0.03595633
-0.04989069
0.00928431
0.08065283
-0.00713394
0.01504172
-0.04795353
0.04693559
-0.03028025
0.01799892
0.00771525
-0.04512153
-0.07263388
-0.00892849
-0.03420999
-0.02600713
-0.05590372
0.07910729
-0.04616373
-0.00222076
-0.04167328
0.02938725
0.04118604
0.00218183
-0.00636136
0.01790365
0.01388378
0.03854062
0.00234071
-0.02587776
-0.06345214
0.01355681
-0.07845116
-0.02227364
0.04230746
0.05649729
-0.00941001
-0.04199596
0.07831953
0.03922875
0.01626782
0.01766656
0.02784590
0.02243382
0.02276565
-0.01107558
0.01179534
-0.02973005
0.00957052
0.08191517
0.03851690
-0.01239972
-0.08308412
-0.01976410
-0.08023836
-0.01490331
-0.02138285
0.02609100
0.01533480
-0.04878568
0.06944782
-0.01841924
0.03787985
0.09961453
0.01334805
-0.03836563
-0.09823268
0.04102172
-0.02092750
-0.00024022
-0.03599500
0.02280852
-0.03883887
-0.04943902
-0.01963798
0.11186236
-0.02414962
0.02557274
0.07734571
0.01237366
0.10133837
-0.03622226
-0.01790566
0.08014356
-0.06008168
0.05732359
-0.00028364
0.01368966
-0.01490651
-0.03941753
0.04216952
-0.04874827
0.03207616
0.01935171
-0.05032646
-0.06190439
0.04440088
-0.01007145
-0.01010981
0.07768913
-0.00816161
0.02954351
-0.00772051
0.01250314
0.01421823
-0.01685020
0.08837713
-0.00324689
0.04321280
0.03650064
-0.02633442
0.01250729
0.00124608
-0.09821959
-0.04675205
-0.06890608
0.06012233
-0.05299219
-0.02810693
0.01142861
-0.06216124
0.00886306
-0.01217713
0.01755300
0.00574232
0.00758712
-0.00379882
0.01351825
-0.00416284
0.06214811
-0.02548784
0.02753029
0.00509439
-0.04184049
-0.01887465
0.05266216
0.00032476
0.01530602
-0.01609311
0.04054945
-0.08796560
-0.02971122
0.01970872
0.03323341
-0.07278926
0.01637473
-0.02374630
-0.01275181
0.08539705
-0.03297264
0.06339706
0.02011966
-0.00565466
-0.01718675
-0.02201065
-0.06210822
0.03263278
0.01364357
-0.05655709
-0.01738225
0.06157953
0.01487519
0.03391591
-0.03763726
0.04481659
0.02638629
0.05775695
0.03185805
0.05963307
0.04586220
-0.00536083
-0.11682121
-0.01735820
0.02881771
0.02713951
0.00953708
0.04743393
-0.02180742
-0.00235332
0.00936151
0.06803442
0.06355313
0.01660079
-0.11002531
0.04015845
0.02960824
0.02128194
0.02680935
0.04131738
-0.00252811
0.01807795
-0.04272404
-0.06084880
0.06885941
-0.03895852
0.07251509
-0.03725804
0.00567390
0.01034614
-0.02556008
0.09092065
-0.09053267
0.05144821
-0.11757771
-0.01071187
-0.01697657
-0.00072866
0.00138819
-0.05487740
-0.01035895
0.03074202
0.04833653
0.05162773
-0.00013129
-0.00918088
-0.07231672
-0.03767342
0.03038742
-0.03850820
0.05377495
-0.07840165
-0.01110622
0.00046915
0.03694111
0.06219601
-0.02604793
-0.03549204
0.03392098
-0.05603150
0.00789508
-0.04127764
0.00700065
-0.00938347
0.01512836
-0.08911365
0.01735772
-0.01021862
0.00059558
-0.05336273
-0.04293933
-0.04235898
-0.01145396
0.04614919
0.07663580
-0.05068932
-0.02496035
-0.03088973
-0.09818248
-0.05726375
0.04361410
-0.10286029
0.05851912
0.08530981
0.05496264
-0.03571219
0.08039760
0.01031133
0.00190799
-0.01925119
0.02753302
-0.06594069
-0.06165304
0.06869638
-0.01798964
-0.04828482
0.00812102
0.05759180
-0.01287454
-0.00692715
-0.01818404
-0.04430565
0.02090874
-0.00111625
-0.03370966
-0.09530529
0.04818477
0.05243740
0.02213935
0.03977729
0.03034077
-0.02970306
-0.03880036
-0.06655022
0.03726523
-0.06923122
-0.00793231
0.03190435
-0.01782054
0.02213532
0.00341588
0.00449432
0.00389734
-0.03594921
-0.00406805
-0.01948141
0.08176923
-0.03291886
0.01294946
0.01066572
0.02405095
0.00710928
-0.02186045
-0.00783657
0.04709229
0.02544510
-0.00563106
0.05085263
-0.00494803
-0.05685217
-0.00504713
0.05005285
-0.07301421
0.00344938
-0.03876475
0.04804264
