-0.01714415
-0.03553724
0.09728881
0.05656684
-0.04473887
-0.05633805
0.00540475
0.02579425
0.09358537
0.00920057
-0.09061205
0.08276464
0.10936265
0.04258099
-0.09540545
0.04352330
-0.00449597
-0.06244640
0.06007150
-0.05680061
0.00403132
0.01012335
0.09935188
0.05348295
-0.06772123
-0.04342233
0.03672998
0.08300630
-0.08761366
0.10487204
-0.01769301
0.00297223
0.11947653
-0.02065140
0.05389163
0.02677292
0.13706493
-0.10361388
0.03268291
0.02404298
-0.10727796
-0.01631008
0.08579954
-0.04940689
0.10563891
0.02896748
0.02020565
0.00724665
-0.03579294
0.06866717
-0.05516383
-0.00292242
0.01907228
-0.03345496
-0.06138545
-0.05367780
-0.08574662
-0.03210908
0.06933691
0.07150294
0.00390698
-0.04701215
-0.05484362
-0.11455043
0.01937493
-0.09627081
-0.00703213
-0.02104204
0.14942244
-0.06028707
0.08310578
-0.00161282
0.06389102
-0.00073690
-0.09050986
0.10283557
-0.05703419
0.03320213
0.08231971
0.04216119
-0.08174336
-0.05343089
0.09279003
-0.02476487
0.13598476
0.02365327
0.17740601
0.07370337
-0.02391485
-0.03363266
0.01893672
0.02381440
-0.12205665
-0.01771021
0.06557365
-0.09618980
0.07801298
0.05459691
0.03684964
0.04861225
0.00040627
0.05768957
0.00727832
-0.11551335
-0.09959188
-0.02224002
-0.04918820
-0.03380539
0.02509622
0.08494141
0.02111429
0.02781103
-0.00680842
0.00395834
-0.04146497
0.07220151
-0.01521115
-0.10557132
-0.05159042
0.02577475
-0.07267632
0.10843188
0.10669824
0.03130335
-0.01978306
-0.03222247
0.15072310
0.02076045
-0.05510319
0.04011728
0.11130405
0.11658788
0.08215918
-0.01832390
0.04606365
-0.04429149
-0.01127994
0.00250910
-0.03804613
0.07822987
0.02195668
0.11493733
-0.07589985
-0.01731454
0.00200216
-0.04914004
-0.04894457
0.10898467
-0.00027410
-0.02434822
0.06492349
-0.00479022
-0.03534134
-0.04298269
0.11993171
0.04724745
0.02277401
0.04257779
-0.07150529
-0.02613530
0.04960783
0.05668177
0.04149139
-0.01028660
-0.00655228
-0.10878241
0.02672025
0.09139738
-0.01165466
0.11786568
-0.05259666
-0.05520933
-0.02194083
-0.02311346
-0.03479799
0.02791088
-0.06529162
-0.00680742
0.07156683
-0.07354714
-0.01101748
0.03503845
-0.00754417
0.07136324
0.00314916
0.02790761
-0.12783052
-0.02704841
0.01003018
0.11663775
0.01691790
-0.12666455
0.01079597
-0.03424866
-0.05757698
-0.03328761
0.09508647
0.11292232
-0.04828128
-0.04362205
0.04141818
0.04603287
0.04031204
-0.01093031
0.04702189
0.05612463
0.09187777
-0.06220011
0.00674116
0.06430981
0.06455085
0.10339071
-0.07540960
0.01418116
-0.07565406
-0.08415714
0.00982757
0.00044152
0.03480616
0.05628638
-0.06650041
-0.10684951
0.01740687
0.03081795
0.02682863
0.01663846
0.00471491
0.07505176
0.00834532
-0.05623006
-0.05605130
0.05762596
0.02806964
-0.06925742
-0.06300960
0.00505331
0.01443810
-0.08481682
-0.02900632
-0.07089525
-0.03186786
0.01344798
0.08470797
0.08484085
0.02206274
-0.01694372
-0.01213778
0.06629141
-0.08204244
0.00612817
-0.01918004
0.00624894
0.01582724
-0.00979323
-0.04895112
-0.00445608
0.11441852
-0.00472172
-0.11248435
-0.06470706
0.13230863
-0.18524560
0.03469535
0.08191776
0.02456508
0.13193668
-0.15446866
0.10819605
0.11118846
0.03297823
-0.08254716
-0.11967446
-0.27968207
-0.04265252
0.07853257
-0.23539938
-0.17962399
-0.08050807
0.07741392
0.02266812
0.06940436
-0.12019091
-0.15746319
-0.11508705
-0.10885496
0.01206059
0.02421937
-0.02487420
-0.12437086
-0.14888754
-0.23693469
-0.00898430
0.13926917
0.08065361
-0.04693575
-0.11932258
-0.02662352
0.00088861
-0.04466597
-0.12338216
-0.06240003
0.07372300
0.18076375
-0.30151439
-0.11998679
0.13699666
0.00873260
0.09435340
-0.00289549
-0.04808842
-0.07790460
-0.12493724
0.16357760
0.08944997
-0.07449046
0.07554611
0.03918600
0.37869248
0.03204145
-0.14000621
-0.00597720
-0.00558356
-0.00886959
-0.00773193
0.06014317
-0.03335905
0.03102180
-0.06197549
-0.07526094
0.08074006
-0.00621408
-0.05857896
-0.07006669
-0.08657382
-0.02357973
-0.04191484
-0.05917537
-0.08662959
0.06623805
-0.06398967
-0.06603835
-0.02891023
-0.00864624
0.01088963
0.01609375
-0.06861749
-0.03632539
-0.07275624
0.03008272
-0.06647392
0.07810922
0.02512446
0.03530299
-0.00570631
-0.05772006
-0.04766168
0.09488653
-0.00737718
-0.02184430
0.05072992
-0.04154395
-0.05681424
-0.01390997
-0.01577826
-0.00701209
-0.01384378
0.00246567
-0.01001759
0.08104734
-0.01672028
0.01214337
-0.04349545
-0.04977891
0.07805684
-0.08015682
-0.08423160
0.06368989
0.05084050
0.05291696
0.03301452
-0.04415665
-0.03832499
0.03114535
0.04069638
-0.03758826
-0.09474892
-0.01238083
-0.04634944
0.03087127
-0.01090072
0.05782625
0.02795294
0.05819034
0.01219841
-0.03278354
0.04245098
0.00985532
-0.05894208
0.03424959
0.02772458
0.06560980
-0.05243921
-0.08145629
0.09006505
-0.02870795
-0.02013525
0.09064949
-0.01589758
-0.05273728
-0.02677477
-0.03817173
-0.04251557
-0.01411438
0.06682010
-0.05505878
-0.06125686
0.03623036
0.03256897
-0.02727297
0.05301969
0.00898546
0.06438728
-0.02819841
0.00909144
-0.00929838
0.06155547
0.04088536
0.00145606
-0.06396014
0.06156676
-0.07405178
0.01654997
0.04274408
0.02298745
-0.04967264
-0.03412707
0.01481416
-0.03435586
0.03976681
0.05928001
-0.06591876
-0.07058840
-0.03098246
-0.06887869
0.00413277
-0.07890215
-0.03550923
0.04766909
0.06285504
0.00541542
-0.04481309
-0.07665545
0.02498772
0.04149280
-0.04840685
-0.02147843
0.04866194
-0.02184100
0.00934632
-0.00478254
0.06294943
0.04392990
0.07397700
-0.01691029
0.04068876
0.03347079
0.00059200
-0.07537703
0.00462821
-0.04629136
0.01750250
0.01510206
-0.03974548
-0.05766317
-0.03491354
0.03724356
-0.01207304
0.01591464
-0.02854393
-0.08012529
0.03735851
-0.00004546
0.09766300
-0.00010263
-0.04841609
-0.00879435
-0.00687588
0.05086672
0.02578405
-0.00956955
0.04225992
0.02083356
-0.03303302
0.02772141
0.04494293
-0.05842482
0.09030933
-0.05309182
-0.03310673
0.08969348
-0.04682156
-0.01083732
0.05252276
-0.05835960
0.08913326
0.05916086
0.01346161
-0.07418206
-0.00377435
-0.01646419
-0.03921550
0.02330104
0.06113171
0.01747989
0.01488764
-0.01809107
-0.02167351
0.00553216
0.01353824
-0.01315689
0.08969167
-0.00737739
-0.00729945
-0.09179461
0.06351057
-0.03560753
0.01844455
-0.00738272
-0.05019760
-0.03689113
0.03928906
-0.04086144
0.03372094
-0.01381319
0.03148192
-0.03482074
-0.02512500
-0.02138527
-0.01517947
0.03733874
-0.01254255
-0.04723381
-0.03221831
0.03499683
0.04511019
-0.03153438
-0.03615757
-0.06080877
-0.01018780
-0.05961003
-0.04395496
0.03211324
0.04214662
-0.04332573
-0.06922877
0.07098481
0.05956125
0.03852708
-0.01261697
-0.00633856
0.02411574
0.07376134
-0.04449625
0.05612875
-0.09742877
-0.01562296
0.05369948
0.03923910
-0.01179471
-0.03590085
0.00759463
-0.08488178
-0.02669206
-0.02991142
-0.01035149
0.02884241
-0.03370908
0.01861819
-0.03761650
0.03125006
0.03525356
-0.02582186
-0.02429569
-0.04470652
0.03038992
-0.04210774
-0.01999000
-0.01955859
0.00126061
0.00974899
-0.09935728
0.00321747
0.07972468
-0.01523222
-0.04977276
0.04672302
0.02132813
0.06259558
0.00849089
-0.01645399
0.06910487
-0.05200547
0.05131673
-0.03345308
0.03138513
-0.03543953
-0.07063848
-0.00160114
-0.03317734
0.01942441
0.00653791
-0.08319020
-0.03883585
0.05262972
0.03871734
-0.03520849
0.06721127
0.00073614
-0.00682012
-0.02865274
0.03804416
0.02993908
-0.00358220
0.05323316
-0.04546278
0.09058058
0.01732897
-0.02470059
-0.02291081
-0.04015937
-0.03137714
-0.02290020
-0.05388837
0.00116735
-0.05268348
-0.01825842
-0.01785992
-0.04017979
0.03367239
-0.02998309
0.01363533
-0.00646825
0.02511156
-0.00029974
0.03254797
-0.03790795
0.08012890
-0.03984274
-0.00227536
0.08065049
-0.01089106
-0.00202289
0.06382801
0.05674302
0.03318939
-0.04700677
0.00706432
-0.03519478
0.03420122
-0.01803261
0.02168732
-0.07371102
0.03147954
-0.03445330
0.01678050
0.06549187
-0.02546302
0.10297011
0.04195837
0.01234681
-0.06433940
0.01501742
-0.05780759
0.03906381
0.00661652
-0.07123390
0.00305034
0.04131982
0.07718282
0.01473458
-0.02724065
0.06006283
0.00387199
0.00915639
-0.02029484
0.04172098
0.05653681
-0.04440159
-0.05501708
0.00434070
0.01522104
0.05408312
-0.00206274
0.09789878
0.00302883
-0.00232105
-0.02831630
0.01227655
0.05537953
0.00546987
-0.08247340
0.04183744
0.00613847
0.02464361
0.05400154
0.01281080
0.02681893
-0.02071976
-0.03853815
-0.06906491
0.06383773
-0.03198541
0.12277430
-0.01763839
0.08648379
-0.02910469
-0.00677247
0.06428937
-0.05343692
0.02597404
-0.05570189
-0.02182430
0.00303102
0.05295852
-0.00592344
-0.04387833
-0.00920061
0.02313498
0.02332475
0.02664433
0.01713521
0.02934479
-0.06559326
-0.03476553
0.06099072
-0.02708762
0.02472865
-0.07271443
-0.00255937
0.00444473
-0.00084429
0.04640913
-0.01608187
0.03324255
0.03898748
-0.04161388
0.02618239
-0.07557433
0.02372933
-0.02380737
-0.01654780
-0.05931458
-0.01556182
0.03484606
-0.01435150
-0.03584052
0.00149282
-0.05661644
-0.00892719
0.04453595
0.09081446
-0.03376170
0.03814549
-0.02951375
-0.07702460
-0.01702522
0.01388888
-0.08861457
0.02656576
0.06573084
0.03019562
-0.03411842
0.07492182
-0.00444534
0.01420526
-0.06218507
0.01507264
-0.02655192
-0.06173243
0.01453338
0.00728932
-0.01792691
0.03276205
0.02183302
-0.00459226
-0.01601768
0.02540575
-0.01747365
0.05079712
-0.01743705
-0.08775811
-0.06199921
-0.05942341
0.04895226
0.04596575
0.02338034
0.02269711
-0.06015800
-0.05872405
-0.04216181
0.06128796
0.00744109
0.00342017
0.00744033
-0.01267368
0.00990532
-0.00211626
-0.01942367
-0.01759770
-0.04259245
0.02838527
-0.00699854
0.02168154
-0.02858123
0.04978942
0.03138757
0.02513465
0.00437722
-0.05852691
-0.02163400
0.02992201
0.00809979
-0.02284351
0.00972958
-0.01413989
-0.09862675
-0.00285054
0.06022968
-0.01221776
-0.01617960
-0.01306357
0.02043783
