-0.09362351
-0.11297299
0.06742448
-0.05469407
0.01118604
-0.08597255
-0.02697990
0.09634891
-0.03307671
-0.08001621
-0.10403699
0.04428165
-0.02331273
-0.00379401
0.05417656
0.11702064
-0.06222433
-0.11616968
-0.08021078
-0.00159000
-0.03742642
0.06489736
0.13235706
0.03697558
0.03126715
-0.04423661
-0.01268603
-0.00083935
-0.02390091
0.06216324
0.08485955
-0.08454794
0.06121169
0.04707533
-0.01518036
-0.08152810
0.10737296
-0.00855083
-0.08596145
0.00875130
0.04493251
-0.06617684
-0.03413579
0.03041664
-0.04409040
-0.07110645
0.02592655
-0.07387793
-0.03320393
0.13875890
-0.07667337
-0.13744844
-0.10576152
-0.00611863
-0.02411393
0.05202571
0.01465134
-0.02449476
-0.00782662
0.04596781
-0.04913953
0.07326324
0.02339192
-0.03907368
-0.06831645
0.00071026
0.05069071
-0.05017525
0.05979128
0.01164347
0.07476414
0.10310824
0.05896445
0.05214155
-0.05866847
0.09153136
-0.05979132
0.09074263
-0.05667447
-0.00945726
0.01288311
-0.13067470
-0.02484199
0.05674505
0.10928109
-0.04644603
0.09973855
-0.01046045
-0.05069821
0.08806964
-0.07341012
0.08286718
-0.05783254
0.05312274
0.08745901
0.08570856
0.04529461
0.04418811
0.03222174
-0.05761248
-0.11823451
0.01122559
0.10640600
-0.00180311
0.03752602
-0.01255348
0.04541903
-0.03348663
-0.04066789
0.00304725
-0.07247823
-0.01861764
0.02801180
-0.05642596
0.02128429
-0.02040119
0.02016341
-0.00598589
0.03989720
-0.07419875
-0.10527496
0.00824962
0.03688733
0.10924497
0.08170783
0.00845535
0.00293399
0.04740441
-0.02696659
-0.01992360
0.04405973
0.01325865
0.10150050
0.02386262
-0.08809908
0.01201033
0.03474044
0.06028181
-0.06015369
-0.01127420
-0.02421304
0.01301765
-0.01704945
-0.05954314
-0.01155144
0.03066977
-0.04771995
-0.09374112
-0.05550343
-0.12444729
0.10472659
-0.01499998
0.02347626
0.00097578
-0.00203353
-0.04185632
0.02495802
-0.00109522
0.03706414
-0.03725612
0.03697011
-0.00560335
0.01300844
0.06316320
-0.07137826
0.05480620
-0.06220444
-0.05784687
-0.12880950
0.07451636
0.10400136
-0.12196847
-0.08399353
-0.08622831
-0.09248826
0.04635390
-0.01728662
-0.10533117
-0.03413150
-0.05848933
0.05091594
-0.08169357
0.00044366
-0.06852901
-0.09983126
-0.02849180
0.01189506
0.05117666
0.00249509
-0.02339089
-0.05502556
-0.09051096
-0.03656591
0.07130697
-0.02694142
0.08214217
-0.02382325
0.00464122
0.06834964
0.00027951
0.03220517
-0.03559742
-0.09826241
0.00931668
-0.04497507
0.06418610
0.06632125
0.05961170
-0.01419043
-0.06062344
-0.06090638
0.03223718
-0.00970407
0.06444008
-0.04179548
-0.08651812
-0.02189348
0.03885879
-0.06983183
0.01459557
-0.11468678
-0.05996646
-0.04758520
0.09072108
-0.05595675
-0.04994584
0.08369168
-0.00010249
-0.04129044
0.03146824
-0.12918279
-0.09477016
-0.02921645
-0.17377038
0.04865488
-0.01854508
-0.08371618
0.07491750
0.08599360
0.08463950
-0.09464405
0.01691309
0.03746614
-0.00349702
-0.01127721
-0.07294331
-0.07399536
-0.06231986
-0.00665795
-0.08852350
0.01066151
-0.02568613
0.02444008
0.04886581
-0.05898785
0.01140710
-0.02387513
-0.05316523
-0.03568736
0.05419508
0.07210205
-0.15652436
0.04302409
0.03687263
-0.02927193
0.06752373
-0.06917437
0.13399915
-0.01080360
0.00127613
0.02890790
0.04351193
-0.19838993
-0.06273001
0.07939720
-0.27605927
-0.15100352
-0.04417963
0.10460038
-0.04897580
-0.03620658
-0.12764360
-0.18409261
-0.24202363
0.03323628
-0.03200526
0.03755132
-0.03868399
0.05674697
0.00851554
-0.13485774
-0.07538593
0.14117627
0.00080913
-0.07417961
-0.23292281
-0.14353710
0.05135030
-0.07578608
-0.15260993
-0.08338311
0.15036620
0.20358393
-0.24623318
0.00190469
0.21429190
-0.04062732
0.13070282
0.02959579
-0.19212216
-0.05215961
-0.15664881
0.07855827
0.11143050
-0.06292971
0.07639571
0.12157132
0.31984004
0.12016948
-0.26287732
-0.00998025
0.04984166
-0.03992694
0.04855000
0.01502209
-0.06054725
0.07706100
0.01622622
-0.06178992
0.02064922
0.01118825
-0.05613567
-0.05526391
-0.04887130
-0.00238528
-0.03838951
-0.08727896
-0.07145599
0.05825687
-0.06272025
-0.01298281
-0.02931013
-0.02897823
-0.00333333
0.02851737
-0.06755397
-0.02132850
-0.03646703
0.06025628
-0.05940862
0.05662652
0.06196121
0.03884701
-0.02391548
-0.03887415
-0.02323350
0.03465891
0.02763021
0.00158139
0.07745077
-0.02609373
-0.06767009
0.00932482
0.00151611
0.02110818
-0.00935664
-0.00690598
-0.03012064
0.02850881
-0.02942083
0.01885654
-0.06216867
-0.00413077
0.05418088
-0.03525529
-0.08453883
-0.00309098
0.04638919
0.01141520
0.08553492
-0.05334016
-0.04252926
0.01087196
0.01678808
-0.07827761
-0.04109547
0.04663106
-0.08521508
0.05074828
0.02591676
0.05272935
-0.00183162
0.04963838
-0.00562359
0.04173823
0.04968399
0.01341896
-0.01210777
0.01284097
-0.03162623
0.04424449
-0.08241240
-0.03488168
0.09374203
-0.03469112
-0.05109107
0.02329531
0.00120736
0.04014705
-0.05709963
-0.04910439
-0.01170606
-0.04699472
0.04784133
-0.02275028
-0.00899567
0.05950773
0.05456296
-0.03536928
0.03451649
-0.02065886
0.01773127
0.01336487
0.02967778
-0.05487433
0.06319943
0.00192211
0.09518906
-0.07100253
0.04655905
-0.03048559
0.03681971
0.02698664
0.04156213
-0.00365837
0.04307893
0.01589221
-0.03776499
0.07021172
0.04574366
-0.04989057
-0.02671717
0.00318028
-0.07593933
-0.00100410
-0.00827316
-0.01747462
0.03311009
0.04666675
0.02755726
-0.01809138
-0.00682072
0.07805252
0.05221832
-0.06718672
-0.00465188
0.03234640
-0.01799237
0.00542739
0.00068214
0.06138738
0.05398499
0.06597480
-0.03237215
0.05047937
-0.01225558
-0.01765106
-0.06217966
0.04254153
-0.03202506
0.02992754
0.01434931
-0.04097817
-0.05636708
-0.06229860
0.04328512
-0.03480851
0.03583517
-0.02046122
-0.05075674
-0.03307606
-0.07296805
0.07690553
0.05088305
-0.00347678
0.01539796
0.02144733
0.05656930
0.00946150
0.03733348
0.05670056
0.03443083
-0.09079918
0.03553892
0.02904261
-0.03429936
0.05698588
-0.03542795
0.02963133
0.09610100
-0.04626168
0.01805595
0.05752843
-0.09021861
0.10477457
0.11160802
-0.04783385
-0.07804151
-0.00458158
0.04526994
-0.04303558
0.01680896
0.00905087
-0.00924071
0.01792716
0.02427255
-0.03728073
-0.07598705
-0.04127458
0.01571526
0.05799467
0.00077286
0.07440180
-0.08484399
0.07307518
-0.06279539
0.00640890
-0.02690297
-0.04993988
-0.01994987
0.01735083
-0.02142627
-0.04043363
-0.04312969
0.02502071
-0.03695374
0.01013822
0.03577504
0.00400053
0.02363819
-0.01063240
-0.02651281
-0.05682205
0.07902028
-0.00012362
-0.03240708
-0.02605519
-0.07667614
0.00707035
-0.03971685
-0.01808476
0.05568834
0.02174885
-0.03053870
-0.04143927
0.05190689
0.04786997
0.03623261
-0.05351491
-0.01093660
-0.01069258
0.06015252
-0.05824760
0.01055872
-0.01287676
-0.03891655
0.06981517
0.04299616
-0.02647240
-0.04454520
-0.02693723
-0.01828820
0.04325094
0.02390315
0.03919181
0.04700344
-0.02835316
0.03247876
-0.05847404
0.03992282
0.04039168
0.01955697
-0.05292007
-0.08737218
0.01740579
-0.01466411
-0.02011218
-0.04929378
0.04090862
-0.03040821
-0.04279934
0.02504292
0.09401985
-0.02375455
0.00725186
0.05938155
-0.01877675
0.01419792
0.04402176
0.00729690
0.06676799
-0.05933895
0.04018627
-0.00063834
0.03546255
-0.03378231
0.00189996
0.03953317
-0.01559573
0.03647578
0.04560529
-0.03067710
-0.02392268
0.04628509
0.05268194
0.00688911
0.06385139
-0.04934739
0.05344667
-0.03882450
0.01335742
0.03108241
-0.02656791
0.05909369
0.02097462
0.06929722
-0.00655682
-0.02978268
-0.00857218
-0.01741228
-0.03692379
0.00065218
-0.07578102
0.00199152
-0.03663437
0.01294326
0.02019627
-0.07234845
-0.01390873
-0.02557379
0.01096398
0.03064961
0.04755169
-0.01037737
0.00508548
-0.00732750
0.03935573
0.02168554
0.04885606
0.04289824
0.01437090
0.03980990
0.00321742
0.06403925
0.00499923
-0.04247519
0.03854299
-0.06501939
-0.00171777
-0.00775771
0.02740913
-0.06282139
0.01759948
-0.00772450
0.02128242
0.06408846
-0.02783530
0.06995266
0.04244389
0.01111961
-0.00506760
0.02234178
-0.06721907
0.05608987
-0.00085091
-0.07692359
0.01816116
0.04022114
0.01069365
0.05526213
-0.02051748
0.08332993
0.05452110
0.08191792
0.03547556
-0.01923862
0.04693409
-0.01735056
-0.03127127
-0.02130649
-0.00498519
0.00005278
0.04188489
0.05399864
-0.07133535
0.00126489
0.03003739
0.04774858
0.07170579
-0.01947918
-0.10885796
-0.02065551
-0.03697771
0.01381487
0.03126565
0.03888398
-0.04028888
0.01358308
-0.07105840
-0.06562544
0.07608344
-0.01455823
0.08981088
-0.02474866
-0.01427842
-0.00878713
0.03071073
0.08343439
-0.06664433
0.02716088
-0.02519201
-0.00531077
0.01274903
0.02479782
0.00937330
-0.02985691
0.01113259
0.05799389
0.06782515
0.04131022
-0.00123083
0.04599721
-0.04995672
-0.07001835
0.02703958
-0.02406948
0.01383367
-0.04983925
0.01092379
0.00953587
0.04819410
0.03989613
-0.00247574
0.03925189
0.01851620
-0.06089319
0.01589839
-0.07587858
-0.01740402
-0.02215580
0.01349870
-0.08116259
0.01831958
0.00752177
0.05024549
-0.04824768
0.05359837
-0.05025623
0.01593572
0.03320156
0.04844430
-0.01638246
0.03625742
-0.07599471
-0.10398989
-0.02382760
0.04846590
-0.04617981
0.01801717
0.07935621
0.04985118
-0.04140572
0.08006824
0.00328448
-0.01221170
-0.04913917
-0.02395149
-0.06235046
-0.02922075
-0.00400436
0.01134901
-0.03987566
0.04077248
0.06881228
0.02040492
-0.06242438
-0.00817731
-0.01746140
0.03534612
-0.01088551
-0.05468484
-0.06567017
0.02227666
0.11664162
0.06989107
0.03037425
0.06250578
0.01338729
-0.04267807
-0.04046151
0.06312326
-0.05328323
0.03403374
0.02752942
-0.02441425
0.04946413
-0.01692539
-0.01869539
0.01200120
-0.04992676
0.01875285
-0.04005770
0.06522734
-0.01572053
0.03640790
0.01437790
0.06409899
-0.02889606
-0.00819657
0.04686303
0.06526066
0.00300394
-0.02003166
0.00784723
-0.03748547
-0.06147023
0.05814577
0.07124028
-0.03583800
-0.06185800
-0.03816262
0.06829098
