-0.06934509
-0.13065618
0.07331958
-0.07718375
0.02985854
-0.12105627
-0.05135022
0.10720942
-0.02350666
-0.04746844
-0.08757711
0.06935002
-0.07088447
-0.00975326
0.04486144
0.06060762
-0.08556326
-0.11703876
-0.07928868
-0.02658881
-0.00592020
0.08542138
0.09389205
0.03392488
0.02249644
-0.08153168
0.00435047
-0.00237233
-0.03885578
0.08419649
0.06958082
-0.07136951
0.09005068
0.08611397
-0.06438379
-0.06120589
0.09789239
0.00461438
-0.06580434
0.00965425
0.05724660
-0.08347972
-0.04607837
0.02872674
-0.01793112
-0.02208071
0.04366114
-0.09870426
-0.00059571
0.14300552
-0.11566229
-0.10836639
-0.12689161
0.03598196
-0.07637147
0.01145799
-0.00512400
0.00529516
0.00222894
0.03530148
-0.04555115
0.06775347
0.04673054
-0.06161968
-0.07927120
0.01850917
0.00041636
-0.02586818
0.06104893
0.05165229
0.12244327
0.10321070
0.07689729
0.00638943
-0.04156446
0.06165781
-0.05393349
0.13547349
-0.04910337
-0.02229674
0.00557297
-0.08904286
-0.02798178
0.05776238
0.12089501
-0.02854314
0.10829037
-0.03800297
-0.08004571
0.13045777
-0.02726740
0.08723760
-0.07246175
0.05003337
0.08493642
0.10322863
0.03582855
-0.00408857
0.03010050
-0.07043908
-0.11300068
-0.04708761
0.07503369
-0.01406868
0.05277604
-0.02615527
0.01765490
0.00431079
-0.01213162
0.02145344
-0.06481405
-0.01647479
0.04135060
-0.05660813
-0.02633775
-0.00812591
0.04185199
0.00273685
0.01809808
-0.03982186
-0.10280727
0.02519189
0.04405156
0.10406178
0.08853271
-0.02266811
0.06516747
0.02276513
-0.00097770
0.01447249
0.03520909
0.03301407
0.11052345
0.07158355
-0.04988663
0.03826401
0.05129147
-0.00020010
-0.06281284
-0.00512983
0.02235390
-0.00275045
0.02762669
-0.02372231
-0.01414697
0.04738030
-0.02330966
-0.11057772
-0.06078988
-0.08781123
0.08924825
-0.03086452
0.00113577
0.01696904
-0.00577071
-0.00932388
0.01389777
-0.00786454
0.06302457
0.01583985
0.06917854
-0.00851139
0.01511425
0.05539212
-0.05128735
0.07349260
-0.04093914
-0.03058286
-0.09957141
0.07533415
0.09576564
-0.12995033
-0.06469125
-0.04933169
-0.10094253
0.06091902
0.00972130
-0.05923267
-0.02043852
-0.04728298
0.03446881
-0.08596009
0.00744433
-0.02412477
-0.05409753
-0.04304693
0.02671329
0.01744211
0.02968668
-0.02625405
-0.06443782
-0.08691830
-0.03719784
0.05448028
-0.02987313
0.02623674
-0.05155776
-0.00087009
0.07289137
-0.00144062
0.03255861
-0.05350322
-0.11008155
-0.04826182
-0.04731019
0.06399974
0.07192976
0.06967294
-0.00901565
-0.04965218
-0.07765537
0.00716327
0.01759818
0.10156693
-0.06949165
-0.06881586
-0.01911426
0.04409387
-0.09040470
0.01901413
-0.10679160
-0.08246650
-0.04012234
0.09447878
-0.04384171
-0.04747697
0.08347049
-0.02832472
-0.04972735
0.03395239
-0.12018142
-0.06474425
-0.03948398
-0.15248418
0.05744799
-0.01625516
-0.06536338
0.07031586
0.03871983
0.09443478
-0.08983283
0.01896675
0.01770181
0.00474928
0.00069578
-0.07248928
-0.10244577
-0.09827971
-0.02321160
-0.09110827
-0.03920159
-0.00467335
0.04147596
0.01276391
-0.04954065
-0.03561494
-0.06385019
-0.05564629
-0.05204412
0.06361981
0.03753946
-0.12571688
0.00798522
0.00026734
0.00435918
0.11730491
-0.04654961
0.14656104
-0.04315562
0.03224437
0.05725146
0.05611182
-0.20208775
-0.06305426
0.03647298
-0.27579987
-0.12679897
-0.05107824
0.13903181
-0.01299037
-0.00319782
-0.13226248
-0.19668749
-0.24174960
0.06589427
-0.07380147
-0.01833405
-0.05081670
0.08340888
0.02293330
-0.10730938
-0.10827254
0.11816490
-0.00069832
-0.05965310
-0.23991558
-0.15975417
0.01649085
-0.06417356
-0.13228498
-0.07885785
0.16785921
0.22023900
-0.22709490
0.03165910
0.19789442
-0.03560769
0.10239911
0.04300433
-0.22456959
-0.04011809
-0.15941514
0.07575377
0.11886041
-0.09438352
0.10650408
0.07643026
0.29302242
0.09950100
-0.27142593
0.03704165
-0.00242559
-0.04779072
0.01675066
0.09498437
-0.01937215
0.00345526
-0.00606601
-0.04043669
0.05154588
-0.02599977
-0.07750908
-0.04583733
-0.06003880
-0.01242138
-0.06947502
-0.06242352
-0.06411135
0.06264309
-0.05583216
-0.04879148
0.01034447
-0.02421238
0.00299560
-0.01044941
-0.06270296
-0.05040243
-0.04212684
0.05568674
-0.07106685
0.06364435
0.02450939
0.02497118
-0.02215978
-0.08680089
-0.01297414
0.07839049
0.03214140
0.02621836
0.06374834
-0.06632441
-0.06840328
0.01630330
-0.00641207
-0.02713390
-0.07221627
-0.00204870
-0.04953131
0.09482926
0.00716668
-0.01374650
-0.07092351
-0.04294919
0.05454608
-0.08188652
-0.08455209
0.01524311
0.06524317
0.03195063
0.04034390
-0.01498534
-0.01232860
0.04646077
0.02557203
-0.05662430
-0.08048076
0.01284562
-0.02260831
0.00294487
0.04951285
0.06317848
0.00614584
0.02324930
0.00715044
-0.02363961
0.05795307
0.00714403
-0.06200431
0.03140058
-0.02710432
0.06775893
-0.02707931
-0.07413203
0.07642635
-0.00998188
-0.02043252
0.08761063
0.03232697
0.00905656
-0.05171271
-0.04968190
-0.03844164
-0.02396972
0.07579738
-0.02282211
-0.01764604
0.01035031
0.03840857
-0.03069710
0.03500152
-0.04458547
0.06907699
0.03525469
0.01569976
-0.01990099
0.04961408
0.03328284
0.03639414
-0.06013871
0.01358748
-0.03062539
0.06481442
0.02262622
0.01788755
-0.02771602
-0.00593646
0.00411364
-0.07073799
0.04541140
0.01006676
-0.06076986
-0.01610082
-0.03396247
-0.07621530
-0.01267383
-0.07545006
-0.02701935
0.06491416
0.05664216
0.00798137
-0.03069532
-0.04336124
0.05493495
0.05503960
-0.07855316
-0.00485050
0.02050464
0.03678856
0.00960490
0.02971072
0.07292931
0.05541157
0.05378240
-0.03928958
0.03052704
0.01069999
-0.02550515
-0.06638572
-0.01654803
-0.04934627
0.05638616
0.05809468
-0.05227178
-0.03722621
-0.09418701
0.03287449
-0.02999707
0.00681795
-0.02658897
-0.04910906
0.04828812
-0.03019815
0.10946529
0.01077340
-0.02840899
0.01133002
-0.04769086
0.00331477
0.00632392
0.00522352
0.02106798
-0.01511522
-0.02435362
0.03098907
0.03398534
-0.01278376
0.03948398
-0.04944631
0.01340831
0.06467462
-0.07238528
0.00336688
0.04077047
-0.05459090
0.08449075
0.10078007
0.00304867
-0.06176385
0.03100613
0.00710492
-0.00784217
0.01201639
0.02507810
-0.00498401
-0.00332430
-0.03182550
-0.07715830
-0.03845698
-0.01202261
0.03242380
0.08921906
0.01602020
0.01779986
-0.06526709
0.05845790
-0.01921647
-0.00733872
-0.00745134
-0.06192737
-0.03073063
-0.01386640
-0.00749107
-0.02618550
-0.05119082
0.04550834
-0.06815762
-0.00599367
0.00861089
-0.00398869
-0.00179623
0.02022516
0.00769999
-0.01691546
0.05237393
0.00814112
-0.00991722
-0.03703118
-0.05818361
0.02310340
-0.05807794
-0.02640567
0.04870373
0.02879251
-0.02929850
-0.04335855
0.05263460
0.07236164
0.01919841
-0.00767623
0.03275272
-0.00014257
0.02062579
-0.05822632
0.06446885
-0.07236609
0.00385024
0.04261794
0.06697188
-0.01320350
-0.03792467
-0.04609518
-0.06116838
0.02047826
-0.01389136
-0.01915598
0.02734001
-0.02664642
-0.01780256
-0.00340557
0.01794571
0.03814854
0.01542222
-0.00281593
-0.09321593
0.04084061
-0.01801087
-0.04947415
-0.02180686
0.02170779
0.02971216
-0.09106118
-0.01118156
0.11057719
-0.02417116
-0.00526492
0.06776728
-0.00127696
0.04550446
-0.02647261
-0.01922597
0.03501849
-0.07979646
0.04935193
-0.04698000
0.01974465
0.00362404
-0.04560992
0.02549793
-0.00550220
-0.00258331
0.05697650
-0.06973688
-0.04401689
0.03645985
0.04372614
-0.00004341
0.09172573
-0.00051036
0.03144022
-0.04248892
0.02034467
-0.00985742
-0.02065160
0.09245434
0.01854398
0.06980921
0.03345422
-0.00888563
-0.01438464
-0.00755808
-0.04153404
-0.02856677
-0.06226440
-0.01751103
-0.02678165
-0.01163573
0.02204121
-0.00645360
-0.01803559
-0.03688485
0.01518150
-0.01641850
0.01336327
-0.05161682
0.01609432
0.00196742
0.07711504
-0.01776877
-0.00275030
0.06596921
-0.01905433
-0.00946540
0.03487809
0.01461951
0.02531124
-0.02648729
0.03593318
-0.06246828
0.00819100
0.00426102
0.05520815
-0.08843442
0.01755694
0.00019851
0.02225458
0.06537737
-0.02990707
0.07584888
0.05425430
-0.00711584
-0.00287172
-0.01278294
-0.06633485
0.02025386
-0.02002680
-0.04477425
0.01641815
0.06993401
0.03517968
0.02511311
-0.03135312
0.05901793
0.03507556
0.03551416
-0.01507375
0.04211408
0.07494889
-0.00069015
-0.07394653
-0.03826978
0.01557521
0.00898991
0.05306893
0.08174704
-0.01805699
0.01863592
-0.03918065
0.04778524
0.07201112
0.00387098
-0.13328961
0.04209981
-0.00259171
-0.01708950
0.04045136
0.05126033
0.00418870
-0.00086706
-0.08733071
-0.04785518
0.04722409
-0.01368544
0.10324176
-0.00691235
0.04244190
-0.03536930
-0.04012328
0.06423651
-0.07049763
0.02757104
-0.04532333
-0.00136328
0.02435381
0.02872037
-0.01825807
-0.04667848
-0.00887620
0.02136222
0.02170368
0.00168748
0.02004805
0.01326467
-0.06016244
-0.01533691
0.07007331
-0.04597215
0.03719499
-0.07722726
-0.04089624
0.02276495
0.06438642
0.04438030
-0.00807959
0.00685254
0.05031056
-0.07343508
0.04694072
-0.08974408
0.04068293
0.01532290
-0.00268148
-0.06548358
-0.00267533
0.03158806
-0.00527353
-0.01551493
-0.02920581
-0.04734095
-0.03222625
0.07532150
0.09441807
-0.03829895
0.03511828
-0.01645750
-0.07194947
-0.06447782
0.06218079
-0.09519666
0.03263574
0.09282389
0.03332374
-0.04576159
0.07001349
0.00192825
-0.01962256
-0.07003867
0.03789089
-0.08289161
-0.02486150
0.01372039
0.04102059
-0.03523258
-0.01496914
0.04607783
0.00550698
0.00616016
-0.00504368
-0.02339519
0.01218594
-0.01421374
-0.06685322
-0.07290666
-0.00549342
0.08933391
0.04971100
0.06549893
0.00824381
-0.04091895
-0.04163329
-0.03289010
0.05354924
-0.03291757
0.02422377
-0.00034074
-0.00294752
0.04176510
-0.02811890
-0.04509946
-0.00109445
-0.05459663
-0.03062308
0.00967891
0.05382314
0.01103393
0.02038058
0.02444539
0.03189986
0.01255681
-0.05619774
0.02303558
0.03702587
-0.01185169
0.02803808
0.01073883
-0.07335746
-0.06123702
0.00568974
0.04082105
-0.02890475
-0.05738064
-0.02908325
0.02955479
