-0.08070976
-0.12808420
0.05362545
-0.06518658
0.01068674
-0.12396144
-0.04353864
0.11582637
-0.02279251
-0.06969450
-0.10230640
0.05479024
-0.04378052
0.00357294
0.03363849
0.09363188
-0.06854549
-0.11471347
-0.09461079
-0.01880305
-0.00628927
0.07671177
0.11738340
0.04760885
0.03405851
-0.06715541
-0.01630440
-0.01968013
0.00590609
0.06046886
0.09171446
-0.07820025
0.06328741
0.09775996
-0.03595642
-0.06394863
0.10241655
-0.01179547
-0.06979891
0.03418636
0.05687131
-0.08369839
-0.04923410
0.03671065
-0.04632039
-0.03384996
0.03962411
-0.11912611
-0.02924579
0.16350552
-0.09532383
-0.12560803
-0.12164937
0.02890501
-0.03658646
0.03682660
-0.00280837
-0.03826453
-0.00848572
0.01072951
-0.04746690
0.07395890
0.04550497
-0.02221375
-0.06687101
0.01176494
0.00817746
-0.06169745
0.04849229
0.03745849
0.09887790
0.11753204
0.06005621
0.04159082
-0.06131346
0.06827383
-0.03814854
0.09830540
-0.05686066
-0.03748614
0.03020710
-0.11239105
-0.03193816
0.06351592
0.10472060
-0.01585115
0.09750902
-0.04728010
-0.07517093
0.08628161
-0.04440149
0.07493537
-0.05511625
0.03324341
0.07832309
0.07859989
0.03311298
0.01336312
0.02171936
-0.08462474
-0.11674986
-0.01400999
0.07996104
0.02136475
0.06927475
-0.02873434
0.03899646
-0.01180917
-0.02044864
0.01477454
-0.07081693
-0.03525056
0.03811360
-0.03436298
0.01176047
-0.00951635
0.04226093
-0.00940582
0.04564350
-0.07139910
-0.09230095
0.00588927
0.02005005
0.10205667
0.08799189
0.01907335
0.03043989
0.02947220
-0.02731601
0.00316612
0.04410984
0.00374087
0.09589311
0.05430133
-0.07446946
0.04039312
0.03246763
0.03206082
-0.06162207
-0.00716175
0.01268879
-0.00629499
0.00917702
-0.04296645
-0.03246029
0.03232189
-0.05365470
-0.09324531
-0.04775368
-0.11435471
0.07947596
-0.03377624
0.00002010
-0.00837058
-0.04244872
-0.01246060
0.02640414
0.00591113
0.06645932
-0.00826820
0.03734499
-0.01741248
0.03649869
0.03769073
-0.05396302
0.07397734
-0.05968012
-0.04507647
-0.12163252
0.07033603
0.10065410
-0.12383417
-0.07523805
-0.08708333
-0.09492508
0.06092651
0.01834483
-0.09395125
-0.02244848
-0.04382687
0.03334535
-0.07779375
0.00591428
-0.06417914
-0.08374635
-0.02483815
0.03279429
0.05848153
0.01315914
-0.02177293
-0.06027287
-0.07771984
-0.03828318
0.05309192
-0.02544322
0.05766115
-0.04055583
0.01220392
0.07153066
-0.02045058
0.04133727
-0.05049412
-0.09465531
-0.03010379
-0.06556308
0.06449340
0.05691065
0.06859684
-0.01158896
-0.03443777
-0.06883704
0.01614993
0.01607618
0.09856094
-0.06426550
-0.07136785
-0.01907839
0.04061115
-0.07494275
0.01163494
-0.12482544
-0.06455576
-0.05882739
0.07874601
-0.04913226
-0.04159576
0.10133891
-0.01206945
-0.04671719
0.03493239
-0.12202436
-0.08251737
-0.02792351
-0.14637014
0.06181316
-0.00148911
-0.07552499
0.07200915
0.07751288
0.08358496
-0.09693071
0.00858115
0.03735621
-0.01816966
-0.01177724
-0.06991706
-0.07671970
-0.07916322
-0.01567419
-0.11082649
-0.01377034
-0.01838195
0.02342741
0.02093825
-0.05899292
-0.03682166
-0.00770176
-0.04172504
-0.05367881
-0.01221884
0.05374105
-0.18959256
0.09044985
0.06953955
-0.05894430
0.05140783
-0.10431650
0.14745805
0.02249643
-0.00243039
0.00758203
0.03771285
-0.22176093
-0.07481746
0.11644091
-0.26637468
-0.12978673
-0.06135578
0.06158435
-0.08532353
-0.03131387
-0.09603029
-0.15911193
-0.23122279
0.01078786
-0.04724950
0.05042152
-0.08530752
0.00730825
-0.05220699
-0.17961261
-0.05109519
0.16124587
-0.00068800
-0.09780248
-0.19845986
-0.12620237
0.02838180
-0.05393117
-0.15785272
-0.10369911
0.11963838
0.19240800
-0.24534896
-0.06771588
0.17674270
-0.01321840
0.14823671
0.04006852
-0.18966706
-0.01905713
-0.19579750
0.10601968
0.09563253
-0.06343815
0.07283206
0.15503015
0.32816577
0.09691140
-0.21431549
0.03574840
0.04265187
-0.03387816
0.03811471
0.05406521
-0.02986704
0.01376307
-0.00300482
-0.03219929
0.02264520
-0.00083119
-0.05619884
-0.03645927
-0.06750046
0.00526718
-0.05559728
-0.08902953
-0.05834368
0.04637041
-0.06397812
-0.02713967
-0.00228432
-0.01535958
-0.01047924
-0.02638595
-0.06463978
-0.05453345
-0.03060158
0.06723755
-0.07888070
0.05005039
0.05032095
0.02366345
-0.04752948
-0.07039428
-0.00153746
0.04682196
0.05092315
0.03848260
0.10303444
-0.04869067
-0.07899335
0.01304322
0.00211798
0.00238080
-0.04398710
-0.01068473
-0.04779145
0.05225226
-0.00476482
-0.00144416
-0.08698992
-0.00754410
0.03933508
-0.09474877
-0.07633160
-0.00567778
0.03630611
0.04175404
0.06888662
-0.01732683
-0.02669892
0.03253157
-0.00602299
-0.05315824
-0.04384697
0.02241226
-0.06036089
0.01866102
0.03735273
0.05362504
0.02090146
0.01220975
-0.01053311
0.03421195
0.02607961
0.02260102
-0.02843187
0.03080522
-0.03522960
0.04905835
-0.04978970
-0.02595748
0.08744357
0.01026507
-0.00664449
0.05427562
0.01852539
0.06283100
-0.05378681
-0.06048976
-0.02924864
-0.04348888
0.07683422
-0.01476387
0.01654589
0.01762484
0.05933469
-0.03553445
0.01815715
-0.05610171
0.05099627
0.02008562
0.02236259
-0.05068818
0.05019035
0.01432413
0.09523414
-0.06036753
0.03526674
-0.02227656
0.04817047
0.03353870
0.02048899
-0.01588635
0.02207356
0.01559248
-0.04447727
0.03159066
0.01121096
-0.06002197
-0.00933649
-0.02858401
-0.07034320
-0.03085261
-0.01755728
-0.03579595
0.04808693
0.04936726
0.00602161
-0.03101821
-0.00118412
0.08336037
0.04018301
-0.06574640
0.00325699
0.03693626
0.04732084
0.02020874
0.02515362
0.08093350
0.04627197
0.06911776
-0.04186299
0.01960708
-0.00504720
-0.01064523
-0.07115369
0.00782605
-0.03235918
0.05424786
0.03369951
-0.03384502
-0.04235294
-0.08299137
0.02585456
-0.03385606
0.01528211
-0.01886930
-0.03076010
0.03371689
-0.06447735
0.09020673
0.03878701
0.01060356
0.02584517
-0.02302236
0.04270542
-0.00029348
0.02033085
0.03615707
0.00306533
-0.05705030
0.04133062
0.04184981
-0.02085074
0.05570330
-0.02205517
0.01728164
0.07318643
-0.06149051
0.01250202
0.04713368
-0.08973224
0.11040201
0.09009280
-0.01089654
-0.08573967
0.03770119
0.05108809
-0.00941507
0.00513777
0.00224881
-0.00270891
0.01629173
-0.01855505
-0.05008410
-0.05054269
-0.03687263
-0.00406344
0.08674941
0.00262953
0.05234945
-0.06723084
0.06629699
-0.03631140
-0.00231225
-0.01365059
-0.07557503
-0.00813232
-0.00810821
0.02005933
-0.04448162
-0.06057116
0.03063444
-0.05856934
0.01568963
0.03642121
0.02198571
-0.00249653
-0.00145803
-0.01869518
-0.01150544
0.03633498
-0.00685687
-0.03451052
-0.00882197
-0.07864603
0.01678349
-0.02072407
-0.02534178
0.05199765
0.01912992
-0.02369154
-0.04733519
0.05825209
0.06678776
0.02898750
-0.03391553
0.00762659
-0.00739661
0.01636515
-0.05834154
0.04078568
-0.03428935
-0.03196194
0.05472110
0.07964551
0.00193648
-0.04275995
-0.07503331
-0.03780286
0.07045425
0.01161629
0.01762673
0.04295163
-0.02818326
-0.01071903
-0.02249655
0.01892158
0.02666026
0.03476228
-0.02620956
-0.11211473
0.02321710
-0.00397674
-0.01819909
-0.02355452
0.06631000
0.00662465
-0.05720887
-0.00141331
0.13312697
-0.00711270
0.00824597
0.07397352
-0.01766508
0.02161840
0.02813940
-0.00954016
0.05099316
-0.06817224
0.01098326
-0.00760897
0.02408019
-0.01508905
0.00659399
0.04377177
-0.00578906
0.00971776
0.04493078
-0.05777190
-0.04195217
0.03749661
0.04726945
0.02061432
0.06803361
-0.03385079
0.06531605
-0.05069667
-0.00383603
0.01498207
-0.03694542
0.05502536
0.03809973
0.05570104
0.00933094
-0.00482602
-0.00563469
-0.00080369
-0.00514959
-0.01062902
-0.07914404
-0.02528314
-0.02161277
0.00675412
0.04627380
-0.03039623
-0.02944644
-0.03081336
0.01397749
0.00853187
0.03405359
-0.04623516
-0.01640412
0.03150223
0.06862747
0.02301652
0.01034613
0.03694285
0.01510257
0.00418070
-0.00286622
0.03989008
0.00426676
-0.03505204
0.05981441
-0.07585380
0.00783175
0.01405519
0.03536182
-0.08276882
0.00930363
-0.00379508
-0.01389803
0.04959408
0.01213097
0.08726203
0.03840663
0.01822713
0.00508190
-0.01288977
-0.09500971
0.01340235
0.01892713
-0.04782693
0.03400667
0.03620202
-0.01037831
0.05258836
-0.03118317
0.06826309
0.05656061
0.05446038
0.01614495
0.00935264
0.05907350
0.01341658
-0.02450703
-0.05635087
0.03025696
-0.01605417
0.03396820
0.07114083
-0.07365478
0.05219005
-0.02214212
0.04867426
0.08600244
-0.01424634
-0.14802401
-0.02631589
-0.01647308
-0.01088104
0.03342877
0.01799603
-0.04546872
0.00566117
-0.09299150
-0.03996401
0.05419267
-0.01570021
0.08990932
-0.02154612
0.01891277
-0.00051421
-0.00328393
0.11509225
-0.07220275
0.03682108
-0.02150761
0.00102046
0.01271575
0.01408301
-0.00092330
-0.05007023
-0.01180616
0.02570777
0.02329958
0.02726054
0.04398211
0.00715555
-0.05369483
-0.05043393
0.04754763
-0.02338248
0.02429974
-0.08429302
-0.03109944
0.01947069
0.07261214
0.04367106
0.01039134
0.01231342
0.02855731
-0.04227334
0.01060935
-0.06203789
0.01273288
0.00670744
0.00677211
-0.09948839
-0.01164945
0.00251577
0.00945477
-0.04753806
-0.01134439
-0.04956983
-0.00755061
0.04830415
0.07033032
-0.02083696
0.03171820
-0.05853995
-0.04677301
-0.04363149
0.05562119
-0.05865093
0.03427663
0.08005679
0.02681390
-0.03534785
0.08934789
0.00417004
0.00399978
-0.05264365
-0.01020501
-0.07302794
0.00290196
-0.02187095
0.03189684
-0.03338130
-0.00092929
0.06790093
0.02113903
-0.02625550
-0.01151406
-0.02210691
0.03458206
-0.00574455
-0.06388610
-0.05274839
0.00953208
0.11914015
0.07005082
0.05262449
0.02402109
0.01522653
-0.04151252
-0.02773451
0.06369080
-0.06814481
0.05258504
0.02632414
-0.01436772
0.06771898
-0.05172900
-0.05026957
0.02127029
-0.07067923
-0.02486541
-0.00490818
0.05848043
0.00513222
0.02837176
0.02077515
0.05192283
-0.01165037
-0.02672784
0.07493564
0.04032760
-0.03381161
0.02825850
0.02366606
-0.08113528
-0.05776656
0.02453309
0.06121639
-0.03698387
-0.08961955
-0.03081399
0.04385336
