-0.05633934
-0.12566078
0.10012435
-0.04473798
0.05219919
-0.13469861
-0.04318376
0.08227367
0.04677284
-0.04693395
-0.07314827
0.03676181
0.05533034
0.03458583
-0.02253393
0.07318981
-0.08100560
-0.13628195
-0.04832609
0.01175866
-0.04407698
0.04960989
0.05748445
0.01834432
0.02396709
-0.11820269
-0.01544616
0.06893907
-0.04088575
0.06109879
0.07773759
-0.03395255
0.08018918
0.06386095
0.01883128
-0.07008562
0.14562467
-0.02510894
-0.04320601
0.01653784
-0.00645323
-0.09403824
-0.02371058
0.03306970
-0.00254745
-0.01861523
0.03804305
-0.11924502
-0.00210767
0.16953816
-0.08093006
-0.09986465
-0.11298052
0.04001573
-0.09590647
-0.01384059
-0.03702501
-0.05303562
-0.00520562
0.04276181
-0.07518744
0.08880836
0.03894698
-0.05658652
-0.08052745
-0.03391752
0.00649930
-0.05634129
0.12012828
0.01311616
0.10348285
0.12661450
0.10066899
0.01082359
-0.07034143
0.12228169
-0.03637046
0.05720763
-0.05441121
0.04249296
0.00935158
-0.09713223
-0.00616809
0.01098213
0.14859608
0.00323964
0.15771809
-0.02030483
-0.04142005
0.07043210
-0.03822317
0.07231351
-0.10465688
0.06328358
0.11502026
0.01870140
0.01701612
0.03154880
0.05791355
-0.06626692
-0.08337779
0.03129590
0.09140633
-0.05209515
0.06018034
-0.01652883
0.01922780
0.02099624
-0.03530056
0.04532164
-0.04328817
-0.00664198
-0.00277162
-0.04807613
0.00471761
0.02327832
0.00800472
-0.01716073
0.01430346
-0.06733181
-0.14552620
0.03536593
0.06010763
0.05933180
0.08998995
0.02069967
0.10205998
0.08118582
-0.00218200
-0.01191558
0.06169249
0.06284182
0.11276736
0.05442131
-0.07382349
-0.00959652
0.03269744
0.02339908
-0.05896104
0.04860371
0.04520647
0.02511269
0.00101535
-0.09045721
-0.01476407
0.01861272
-0.03288287
-0.00999154
-0.04791531
-0.06540941
0.05143585
-0.00299685
0.00742994
-0.05676709
0.02506684
0.02164684
0.00563933
0.00250757
0.04747581
-0.08275054
0.00983889
0.01678554
0.01571734
0.06574398
-0.04290966
-0.00967770
-0.05144107
-0.01545498
-0.09197970
0.09632307
0.05375687
-0.09751878
-0.04700217
-0.07412628
-0.04303808
0.08897788
-0.01398294
-0.08179656
-0.01659063
0.00404017
0.07276216
-0.08859583
-0.00935762
-0.03389989
-0.06712118
-0.05826986
0.00078814
0.06202957
-0.00365447
0.00560337
-0.10391397
-0.09550673
-0.05795561
0.06120833
-0.05773523
0.01712058
-0.02593189
0.04747115
0.08040202
-0.02604941
0.04590583
-0.03065753
-0.03327871
-0.01516834
-0.08550314
0.08344470
0.04747567
0.00850315
0.02142729
0.00624070
-0.01731666
0.05724420
-0.02161728
0.02951279
-0.03853578
-0.09397741
-0.02813596
0.00064353
-0.05745818
-0.01293399
-0.14191595
-0.11585587
-0.00869827
-0.01480491
-0.04349825
-0.03086392
0.10093836
0.05222929
-0.03428639
-0.08347294
-0.15442699
-0.02114670
-0.03618090
-0.11565228
0.06209352
0.01512454
-0.04156324
-0.00079020
0.05820110
0.07008813
-0.07042077
0.00694082
0.06675675
-0.00022833
-0.00545728
-0.08095227
-0.03813959
-0.03169125
-0.04372990
-0.08609995
-0.00767707
-0.02947054
0.04277856
0.04532219
-0.10147563
0.03190668
0.02100241
-0.06789550
-0.04097543
-0.00423905
0.06399832
-0.17321676
0.02808381
0.07004891
-0.04735266
0.10820626
-0.07710284
0.15927653
0.04524034
-0.01177237
0.02409687
-0.03813248
-0.21402359
-0.08904260
0.11020800
-0.27526155
-0.15576324
-0.08697122
0.06379141
-0.02118073
0.00960613
-0.11692208
-0.17656165
-0.20048955
-0.01065636
-0.00738241
0.03062305
-0.07601523
0.00240681
-0.08769199
-0.18367180
-0.07613004
0.13567938
0.04485450
-0.04695383
-0.18686810
-0.12336289
0.01425264
-0.04350040
-0.18289749
-0.12985045
0.13395566
0.18736142
-0.23984544
-0.05707590
0.18687041
0.02046525
0.14770126
-0.00065776
-0.18627642
-0.03947625
-0.16564007
0.13026249
0.13256676
-0.04770682
0.12305541
0.11005810
0.32340062
0.08929713
-0.22415616
-0.00278403
-0.00173283
-0.04621294
0.00132272
0.04226878
-0.05696174
0.03238402
-0.03833148
-0.06581659
0.05525371
-0.00582288
-0.05198228
-0.05255760
-0.07964945
-0.01343851
-0.06874246
-0.05635427
-0.08862813
0.09119452
-0.05191490
-0.05634890
-0.01614115
-0.05907589
0.05455837
0.00565222
-0.04278414
-0.04482600
-0.06545374
0.02506589
-0.07305013
0.07438555
0.03575185
0.05623976
-0.03855813
-0.07803292
-0.05758738
0.07490323
0.02274691
0.01090363
0.05569641
-0.05148422
-0.05605855
0.01710517
-0.00524370
0.00170949
-0.04500643
0.02660008
-0.03275735
0.05024652
-0.00669381
0.00995108
-0.03484154
-0.07351680
0.05022124
-0.06329217
-0.07494633
0.03442452
0.04936451
0.01986399
0.07149890
-0.02245648
-0.04915849
0.02428938
0.05718104
-0.05595125
-0.08571415
0.02683926
-0.01934045
0.02360518
-0.01114124
0.07632782
0.00982500
0.03984911
0.00613131
-0.00998860
0.08190542
-0.01676941
-0.05067624
0.03631571
-0.03543068
0.06180626
-0.06617518
-0.09292036
0.09262324
-0.03153599
-0.03871505
0.06997579
0.03768955
-0.01766044
-0.02693176
-0.01379896
-0.07409194
-0.02802999
0.06953295
-0.04582131
-0.03909463
0.02056927
0.05650070
-0.04574998
0.06155929
-0.00567244
0.04787058
-0.01246032
0.03723031
-0.02194868
0.04267343
0.02704954
0.03020217
-0.05409341
0.06086450
-0.03184993
0.01347306
0.04735901
0.05383459
-0.03777077
0.02002082
-0.02532430
-0.06210683
0.08121742
0.04468020
-0.05942389
-0.07509772
-0.04116802
-0.06318239
0.02508173
-0.08734526
-0.04376702
0.07691939
0.05933066
0.00786513
-0.00796060
-0.06571384
0.00688489
0.06510860
-0.05219457
-0.02146640
-0.01160453
-0.02756063
0.00525138
0.02744477
0.05762672
0.06497334
0.04649368
-0.01836821
0.03910480
0.01341979
-0.00615519
-0.05884011
-0.00115167
-0.02469471
0.04826336
0.01774605
-0.04412035
-0.04904090
-0.04541150
0.04793548
-0.02114424
0.01303220
-0.01155646
-0.05171245
0.01034066
-0.06411902
0.09927402
0.02881330
-0.03724154
0.01168401
-0.01742551
0.03201031
-0.01285639
0.00068739
0.02534399
0.01938438
-0.06047209
0.01141842
0.02060986
-0.04778178
0.04912407
-0.03807268
0.00068970
0.06709281
-0.05119828
0.01594553
0.06727310
-0.04772884
0.08228686
0.09861475
-0.03898587
-0.07903070
0.00848293
0.01533512
-0.01425189
0.03261193
0.02167826
0.00898718
-0.01056320
-0.02672241
-0.06405224
-0.03051255
-0.00980350
0.01708524
0.08284263
0.01353226
0.02177358
-0.06533983
0.06273273
-0.02412419
0.04711199
0.02581377
-0.04947550
-0.04836911
0.00078149
-0.04189258
-0.01582133
-0.04517471
0.04739020
-0.04244495
-0.02772125
-0.01429470
0.01656904
0.02421202
-0.00718401
0.01461155
-0.02854074
0.02296724
0.05436602
0.00136036
-0.03138860
-0.06132907
-0.00226340
-0.06473985
-0.02705359
0.05432746
0.04485368
-0.04031884
-0.05702957
0.08828262
0.05197119
0.03757137
-0.00331876
0.00806956
0.01907794
0.03665378
-0.04260831
0.04613036
-0.05891765
-0.00959402
0.05720386
0.03696274
-0.02396845
-0.04919554
0.00740870
-0.05821397
-0.00596542
-0.02358218
0.03133401
0.01945257
-0.03807899
0.03918837
-0.04393903
0.03287817
0.06438606
0.00769878
-0.03457545
-0.07041631
0.04930583
-0.03310005
-0.01916558
-0.03507759
0.00789927
-0.01975156
-0.06872055
-0.00972439
0.09475382
-0.01730436
-0.00350282
0.05623175
-0.01708223
0.06908488
-0.00749606
-0.01323156
0.07615048
-0.06614292
0.05692706
-0.02847627
0.02684555
-0.02592407
-0.04200582
0.02552297
-0.00410093
-0.00215154
0.01440321
-0.04146146
-0.03490460
0.04793990
0.02196851
-0.00396975
0.06635588
-0.00547878
0.01848352
-0.02936924
0.03370003
0.02921248
-0.02159482
0.09248579
-0.03632647
0.06840967
0.02174721
-0.01954514
0.00999595
-0.01117400
-0.07465550
-0.02821596
-0.09049949
0.04183082
-0.05501638
-0.01723198
-0.01967993
-0.05303095
0.01724610
-0.01244568
0.01720591
-0.00218396
0.03247869
-0.00952599
0.02214857
-0.01295338
0.07786877
-0.01454313
-0.00092242
0.05507430
-0.02696519
0.00161613
0.05742355
0.03429151
0.02635418
-0.04028545
0.03886834
-0.05945950
-0.00005673
-0.00973253
0.00775563
-0.07141295
0.01705719
-0.02250269
-0.01407946
0.06847637
-0.04213312
0.06577383
0.03335572
0.01161229
-0.02054512
0.02403822
-0.03041010
0.06870723
-0.02537311
-0.04942518
-0.00453059
0.04834340
0.03231129
0.02057643
-0.04435542
0.06727078
0.01532038
0.05458709
0.00758565
0.04211346
0.06090545
-0.02876143
-0.07219344
-0.00282853
0.00461396
0.02504679
0.03167572
0.05940103
-0.00882957
-0.02555612
0.00109366
0.05449593
0.06128114
0.01054303
-0.09357821
0.04393527
-0.00828943
-0.00264772
0.03753467
0.05865218
0.00356267
-0.00327840
-0.04511019
-0.06454332
0.05577422
-0.03159552
0.09433060
-0.02279771
0.02728978
-0.03313624
-0.02314373
0.07159140
-0.09366175
0.04236327
-0.08496103
-0.01644401
0.03722481
0.02198584
-0.02376122
-0.04747949
0.00007628
0.04960265
0.04241022
0.05217534
0.01263815
0.04862381
-0.04743920
-0.03775124
0.05686846
-0.03467193
0.02937981
-0.08740329
-0.01041006
0.00738557
0.03298282
0.02633349
-0.03056123
0.01833655
0.04498134
-0.07002930
0.02214708
-0.07276193
0.00343389
-0.02151197
0.01338157
-0.06066066
0.01197564
0.02843005
-0.00442859
-0.04793617
-0.00544716
-0.05353469
-0.02078623
0.05644897
0.08430102
-0.04614436
0.01719868
-0.03653814
-0.08965107
-0.03007215
0.05233047
-0.09829151
0.03854759
0.06872864
0.04166975
-0.03947214
0.06978940
0.01010705
-0.02359308
-0.05834734
0.01887051
-0.06543759
-0.06652572
0.06154750
-0.01790552
-0.05780750
0.02574022
0.05275215
-0.00925313
-0.02268815
-0.01147701
-0.00593167
0.02948670
-0.02180214
-0.05759128
-0.09382091
0.00330704
0.05000914
0.05769468
0.04646230
0.02809665
-0.04415046
-0.04934752
-0.03925699
0.07151544
-0.03155692
0.02511749
-0.00707424
-0.03550320
-0.00003251
0.00442259
-0.02541930
-0.03602884
-0.02826329
0.00504732
-0.01541552
0.08857023
-0.03069443
0.02312799
0.00977843
0.01023396
0.00343825
-0.02875513
-0.00210928
0.04859393
0.02685104
-0.01796877
0.04095314
-0.03315726
-0.06073434
-0.01529568
0.06365453
-0.05124396
-0.01009509
-0.02971995
0.04764791
