-0.03981664
-0.01397214
0.05812057
-0.02013892
-0.01542560
-0.01948495
0.05109369
0.02723471
0.09127384
-0.05546705
-0.10925247
-0.00668191
0.12917763
0.02817229
-0.06740841
0.10060082
-0.02234607
-0.09271956
0.08116359
-0.03017895
-0.05266820
-0.00643354
0.09776987
0.08608297
-0.01236262
-0.04648866
0.06625868
0.06244384
-0.05085416
0.07432835
-0.00855982
0.01233067
0.08660379
-0.07951134
0.03162656
-0.00404046
0.07866235
-0.13985991
0.00238491
0.04376603
-0.09885436
-0.00765296
0.03335765
-0.02546244
0.07789288
0.00103465
0.01360415
0.02190569
-0.02288040
0.06798642
0.04471806
0.00951447
0.01942474
-0.03220759
-0.03858224
-0.06015122
-0.04752404
-0.07701845
0.05101852
0.09758794
-0.03352448
-0.02145272
-0.05785180
-0.09013987
0.01576197
-0.10057074
0.02466926
-0.03517229
0.12464330
-0.06646778
0.05150874
-0.02050861
0.05225958
-0.02279384
-0.10239146
0.14378984
-0.03774202
-0.06056057
0.07749806
0.03618123
-0.08225768
-0.06511652
0.04781064
0.00095397
0.05746117
0.04346446
0.16926934
0.03303904
0.01288678
-0.08339074
0.01151303
0.03389481
-0.08023880
0.04561375
0.05787260
-0.10536756
0.00640081
0.07504655
0.03491589
0.06046634
0.04583338
0.08135900
0.00661685
-0.11187122
-0.08097927
0.02474408
-0.05489516
-0.01726268
-0.01120193
0.07504924
0.00656282
-0.01749326
-0.06128453
-0.00702658
-0.05170282
0.07447815
-0.04325280
-0.09884304
-0.03747048
-0.03950960
-0.12891351
0.08267463
0.08033253
0.00847989
0.00977846
-0.00402121
0.11900206
0.10617431
-0.00809427
-0.02259499
0.10503047
0.09433354
0.08019667
-0.09341206
0.02564626
-0.02507847
-0.00457867
0.02929643
-0.01588013
0.05983564
-0.00285134
0.09817686
-0.05995218
-0.11150947
0.02868525
-0.03188010
-0.05747944
0.13893797
-0.01964867
-0.10695747
0.03470678
0.09190400
-0.01285380
-0.10599669
0.10600120
0.00754191
0.02506212
0.04642752
-0.05678152
-0.07569444
0.03291003
0.09799583
-0.04168737
0.03652999
-0.01051216
-0.14899400
0.01507897
0.07873061
-0.04889475
0.09439369
-0.03893810
-0.00419525
-0.04561487
-0.02899816
0.03763985
0.04464314
-0.06886028
0.01846132
0.09833106
-0.05438580
0.00413812
-0.00531291
-0.07725585
0.03911316
0.03105860
-0.02797919
-0.09799568
-0.02280579
-0.02911922
0.11967688
-0.02583745
-0.13144210
0.04716813
-0.04741250
-0.03553987
-0.01187280
0.01031491
0.08890223
-0.03386124
-0.03781290
0.01690380
-0.01355736
0.05056075
0.04258171
-0.03444799
0.10076482
0.04709858
-0.09443726
0.04424787
0.09190413
0.06563857
0.05744208
-0.04244803
-0.01047083
-0.04272707
-0.08866265
0.01685391
-0.03298080
0.06323028
0.02827361
-0.07643604
-0.07053670
0.03288455
0.04236130
-0.02237968
0.03652324
0.02190490
0.12760101
0.06885276
-0.07196488
-0.08357414
0.05785625
0.02156100
-0.10775205
-0.06081812
0.03283214
-0.02099361
-0.05952437
0.01907301
-0.02328328
-0.04387971
0.05490124
0.00046793
0.07159340
-0.04322287
-0.00341151
-0.01582370
0.13097994
-0.06287884
0.02048989
0.03588662
0.01117546
-0.00736919
0.03712325
-0.09370956
0.02528146
0.06743509
-0.05318754
-0.07477683
-0.03926424
0.09928339
-0.19481874
0.00846240
0.14003174
-0.02676941
0.07757406
-0.10600252
0.10054634
0.12312300
0.01009848
-0.04485723
-0.08673144
-0.24730454
-0.03549231
0.14622605
-0.25595766
-0.15662158
-0.08575725
0.01740447
-0.02944653
-0.01347325
-0.10682297
-0.18065487
-0.17961368
-0.07099035
0.02523871
0.01948015
-0.04087001
-0.05395260
-0.13190721
-0.23078741
-0.05795540
0.12097558
0.06727771
-0.01764453
-0.14753136
-0.05397776
0.05029049
-0.06535023
-0.14962800
-0.11801636
0.05110895
0.13655491
-0.28385067
-0.12732746
0.15228751
0.03007971
0.12597337
-0.04184402
-0.12704332
-0.06684935
-0.16335237
0.15462351
0.10421227
-0.05844010
0.10278383
0.09300279
0.36126488
0.09431239
-0.17457968
0.01848757
0.05271583
-0.05675915
0.01733664
0.03972230
-0.03026915
0.08806906
0.03011826
-0.02428176
0.02360265
-0.01211452
-0.06886149
-0.02109956
-0.07474755
-0.02152437
-0.03457381
-0.04622712
-0.05515581
0.04539821
-0.06134847
0.00044292
-0.03108606
-0.02782127
-0.00675527
0.00710493
-0.06148729
-0.02781026
-0.04170733
0.08412416
-0.09671851
0.07999118
0.04723618
0.00713218
-0.02007198
-0.04494987
-0.00924699
0.06611711
0.01200033
0.00708117
0.06689894
-0.04375124
-0.05403865
0.01876274
0.02406389
0.00957937
-0.02971176
0.00309246
-0.03459617
0.06171829
-0.00997155
0.00544786
-0.06759013
-0.02165861
0.07711139
-0.04958613
-0.07095862
0.01465053
0.06503417
0.01639112
0.04815270
-0.03811817
-0.03980066
0.01019567
0.02250587
-0.04787608
-0.04488742
0.02571763
-0.05600765
0.01629849
0.03469240
0.05152386
0.01498746
0.01685768
-0.01946108
0.02951264
0.07389797
-0.00339715
-0.00317746
0.01207334
-0.06233701
0.05422473
-0.07494084
-0.07391151
0.09479342
-0.03675161
-0.06741057
0.07947968
-0.00709525
0.01826474
-0.07063749
-0.07312203
-0.02414607
-0.05398173
0.08552220
0.00181697
0.01005226
0.05431219
0.06261414
-0.02637118
0.05214730
-0.00448205
0.03592729
0.03929784
0.04487356
-0.06962361
0.05316799
-0.01238718
0.05305956
-0.06277876
0.04274663
-0.01755294
0.07015518
-0.00755910
0.05630269
-0.04606272
0.02368840
0.03425874
-0.06502507
0.06864915
0.07582013
-0.03313928
-0.03447932
-0.01379464
-0.07367398
-0.00369175
0.00098883
-0.02556206
0.04218484
0.03514838
0.00575681
-0.02190695
-0.03713395
0.06631874
0.03147626
-0.06730065
-0.02481620
0.02525544
-0.00982128
0.00273946
0.01997670
0.07173637
0.05366230
0.03903507
-0.03546961
0.05945573
-0.01722778
-0.00362036
-0.05245683
0.01864327
-0.07435744
0.03304269
0.05365465
-0.05899872
-0.06775559
-0.07556430
0.05775274
-0.05324079
0.04100094
-0.02641306
-0.06041014
0.01736617
-0.03338129
0.08091319
0.03488981
0.00076549
0.03211819
0.02902348
0.02919364
0.02158373
0.00100668
0.06853614
0.00411697
-0.07191926
0.00720141
0.04233568
-0.04325800
0.04264198
-0.07029770
0.02206506
0.07071342
-0.07073754
0.02313001
0.09108631
-0.07845372
0.09329389
0.10917433
-0.04573116
-0.06094268
-0.01867944
0.03853152
-0.04673545
0.03348569
-0.00850872
-0.00255912
0.04771981
0.02459105
-0.04969908
-0.04228032
-0.00194193
0.02465730
0.06577969
-0.00298186
0.05886372
-0.06768728
0.05537607
-0.05125803
0.02207950
-0.01480306
-0.03106038
-0.03429630
-0.01720116
-0.02058458
-0.02496183
-0.03889266
0.03842197
-0.02786703
-0.03330470
0.02759078
-0.03606761
0.00254055
-0.00708218
-0.00141476
-0.07787289
0.06912788
0.00157765
-0.04403936
-0.05167402
-0.04219896
0.00606753
-0.02868284
-0.00209101
0.03325606
0.01888354
-0.03396051
-0.04693756
0.03255158
0.05441188
0.03456044
-0.05021089
0.02191900
0.00714094
0.05239112
-0.05842246
0.02226379
-0.02879374
-0.04089218
0.06344692
0.05215878
-0.02080452
-0.03443359
-0.02953151
0.00435348
0.02759233
0.00813931
-0.00225570
0.04581259
-0.02973143
0.00376931
-0.01482785
0.03837196
0.02297588
0.02209175
-0.04801956
-0.07439618
0.04204264
-0.04757838
-0.04101547
-0.02087760
0.02930102
0.00856279
-0.07109221
0.00025197
0.07744646
-0.01207756
-0.01983234
0.03940110
-0.01865833
0.00249952
0.02912304
-0.00684741
0.06161672
-0.06707896
0.04164443
-0.04905881
0.04356156
-0.01200838
-0.03389672
0.02815287
0.02715135
0.03335301
0.03866613
-0.04473112
-0.01387707
0.06865392
0.05039463
0.00931117
0.07066700
-0.05022702
0.03184997
-0.02963736
0.01949585
0.01901433
-0.04654127
0.07729342
0.00529863
0.04864359
-0.00935650
-0.00518573
-0.01463484
-0.01417773
-0.03602850
0.00149963
-0.06224312
-0.05485830
-0.01559380
0.02203541
0.02638347
-0.05027917
-0.00062418
-0.02236995
0.01517252
-0.01726268
0.01970930
-0.02231712
0.00709185
-0.00185629
0.06059887
0.02146462
-0.00349609
0.06571816
0.02355422
0.04200068
0.00862336
0.05138900
0.00549260
-0.03954617
0.04102239
-0.06611883
-0.00402201
-0.00695258
-0.00040788
-0.07394291
0.03035988
-0.03096474
0.01997045
0.05792646
-0.04034744
0.08422111
0.07500437
0.02004282
-0.01970519
0.03295384
-0.04370906
0.06660452
-0.02647918
-0.07782958
0.02227722
0.04409784
0.01296936
0.04219898
-0.05769759
0.07246524
0.04138086
0.06688747
0.03779862
0.00734627
0.06018198
-0.00433468
-0.00752986
-0.00140867
0.01077182
0.00001417
0.07233036
0.06940581
-0.04759752
-0.01126011
-0.01651592
0.03064221
0.07089965
0.00072283
-0.08868457
-0.01021150
-0.06208807
0.00793683
0.01732993
0.03754838
-0.01837537
0.00466446
-0.08420207
-0.03663072
0.06882019
-0.02764743
0.10221051
-0.00231850
0.01722436
-0.04512590
0.02558196
0.06262483
-0.08019537
0.01090993
-0.02320813
-0.02812866
0.02496661
0.03904634
-0.00478395
-0.01592534
0.00226333
0.05542417
0.03988557
0.04263134
0.02589386
0.07321028
-0.01466904
-0.05553477
0.05183337
-0.01199431
-0.00367531
-0.06917930
-0.03999154
0.00613004
0.05525357
0.04716412
-0.01053982
0.06423545
0.05804432
-0.05023761
0.06076825
-0.09443018
-0.02711782
-0.02526210
0.02624422
-0.03780369
0.04479939
0.02734826
0.01929836
-0.02829890
0.02404917
-0.03370493
0.02122612
0.05077155
0.07783826
-0.04435069
0.03014348
-0.03521612
-0.08650398
-0.02015749
0.04932524
-0.06161918
0.00115387
0.08812258
0.02810321
-0.05024264
0.05595317
-0.01004638
-0.03346511
-0.06609110
-0.01545078
-0.07891060
-0.05649103
-0.00499329
0.01039972
-0.06355293
0.04237841
0.06888124
-0.00298696
-0.03348775
-0.00336692
0.00544505
0.00334669
-0.04828308
-0.06259929
-0.06371999
-0.00059070
0.08404846
0.05198798
0.04837871
0.05725050
0.01316658
-0.04567610
-0.03278309
0.07779627
-0.02155188
0.01848766
0.01252034
-0.03503673
0.04732681
-0.01994857
-0.04939090
0.00531675
-0.03839665
0.01279343
0.00808788
0.06438568
0.00435400
0.03475863
0.00933545
0.01520693
-0.02009091
-0.02346421
0.04296851
0.06360503
-0.00053841
-0.00576532
-0.00512618
-0.06193712
-0.04236729
0.04995159
0.09035274
-0.03001379
-0.08263339
-0.04475069
0.05868609
