-0.06202872
-0.11745719
0.11668401
-0.04872023
0.05648622
-0.09200983
0.00059438
0.03703461
0.05192818
-0.05359327
-0.07713308
0.02638660
0.02853039
0.00736411
-0.00453259
0.05210901
-0.10279967
-0.12775132
-0.01292432
0.00424465
-0.04626152
0.04244621
0.04390984
0.01706432
0.01054804
-0.09537911
0.00218973
0.05945065
-0.09207625
0.06255831
0.06849151
-0.03098706
0.10727325
0.03807892
-0.00095260
-0.06576855
0.13434951
-0.04316657
-0.05090561
0.01371828
-0.00743918
-0.07534072
-0.01250723
0.04636532
0.02020794
-0.02588102
0.02307679
-0.07466643
0.02081992
0.12479249
-0.06384271
-0.07918164
-0.09804440
0.01770250
-0.11747226
-0.01267056
-0.04300444
-0.04868985
0.01060640
0.09727637
-0.08193416
0.08824378
0.03430185
-0.07695325
-0.09380169
-0.03906819
0.02800948
-0.03125557
0.13246630
0.01796371
0.10014871
0.10557916
0.10418954
-0.01100698
-0.04258488
0.14054836
-0.04034672
0.07397636
-0.05099014
0.05972239
-0.01170191
-0.10800713
-0.00770315
0.02273925
0.14478464
-0.02300685
0.15158394
0.01659609
-0.05097714
0.07795945
-0.03021483
0.07129098
-0.11415232
0.08700880
0.11613241
0.03461662
0.01782018
0.03555946
0.06237921
-0.03476667
-0.07438772
0.04968122
0.07577883
-0.08263012
0.03003162
-0.01330269
-0.01605714
0.01038699
-0.05597433
0.04258724
-0.05238743
-0.00597394
-0.01523820
-0.07342269
-0.02738228
0.02661068
0.00548768
-0.02749008
-0.00225088
-0.04024632
-0.16232529
0.08478906
0.05879672
0.06100015
0.08992594
0.00523082
0.12288903
0.09440374
0.00665911
-0.00024544
0.06623955
0.08745343
0.14012152
0.03422419
-0.05844801
-0.01259969
0.02345036
0.02043116
-0.03932647
0.05205077
0.02351558
0.02202096
0.00691758
-0.08438712
-0.00889715
0.01336608
-0.01285715
0.00016554
-0.04568812
-0.06634394
0.03071814
0.01797347
0.00935069
-0.03353434
0.06975314
0.02320279
0.00238492
0.02930719
0.02669554
-0.09524044
0.01082391
0.05722313
-0.02309117
0.08480939
-0.05532489
-0.04082557
-0.04474924
-0.01039787
-0.09145629
0.07587627
0.05002156
-0.09677057
-0.06404611
-0.04726925
-0.03874592
0.08879633
-0.01335950
-0.05743200
-0.00370052
-0.01367809
0.08295926
-0.09523450
-0.01997883
0.01505843
-0.04889359
-0.07437244
0.00448156
0.01575179
-0.00831030
0.02549328
-0.10721187
-0.13155688
-0.03317675
0.06232515
-0.04812343
0.00595865
-0.03225873
0.04982314
0.07383856
-0.00248984
0.04069569
-0.04258005
-0.05136838
-0.00754889
-0.09002300
0.09554397
0.06400356
0.00603610
0.01412790
0.00289556
-0.01463936
0.02459214
-0.03940195
-0.00779386
-0.01051614
-0.09104080
-0.03793149
0.02894667
-0.06250314
-0.01490989
-0.12636022
-0.12633424
0.01787716
0.00404269
-0.04975452
-0.02504085
0.08001684
0.05721091
-0.01283658
-0.06485491
-0.14534700
-0.02198380
-0.04369642
-0.13636659
0.06058807
-0.00228812
-0.06075535
0.00644248
0.01988492
0.08750242
-0.08245642
0.03767244
0.04121624
0.01418996
-0.01017607
-0.07941091
-0.06290913
-0.01698003
-0.05627898
-0.06573145
0.00374114
-0.02112364
0.06809349
0.05519573
-0.10231842
0.04188407
0.02183504
-0.05923028
-0.07488792
-0.00065219
0.07381114
-0.09606121
-0.05945808
0.04736921
0.02021765
0.15007102
-0.07488354
0.10423211
0.04040017
0.08077671
0.00277773
-0.09339076
-0.25502315
-0.04525383
0.03617069
-0.29558140
-0.14190497
-0.09748075
0.12679949
0.10833321
0.05516000
-0.14906400
-0.18147928
-0.17126660
-0.00737200
0.01667891
-0.09525075
-0.03274136
-0.03875063
-0.07566486
-0.20712255
-0.16627416
0.09381648
0.10465610
-0.00414989
-0.19872122
-0.08919316
-0.02775311
-0.03857615
-0.16164842
-0.09776457
0.12586287
0.19255285
-0.26200187
-0.03504415
0.15572160
0.00590441
0.05376313
0.02023385
-0.15097710
-0.05862428
-0.11121518
0.15475196
0.13404343
-0.10575727
0.12883298
-0.02716329
0.35473788
0.02304562
-0.18363671
-0.00011158
-0.01460396
-0.04722763
0.00782828
0.05498819
-0.05329596
0.02624082
-0.03933617
-0.07315827
0.07613269
-0.02327316
-0.06984448
-0.05340517
-0.07275613
-0.01121046
-0.06700142
-0.04998183
-0.09778504
0.08273214
-0.04689140
-0.06118871
-0.00219087
-0.05948189
0.03731531
0.02945979
-0.05817650
-0.04609734
-0.04920421
0.00598380
-0.06930337
0.07522009
0.04199576
0.05053104
-0.01628963
-0.07598867
-0.06288456
0.08188315
0.00688014
0.00200323
0.04165471
-0.04443091
-0.07347436
0.01812151
-0.01658247
-0.02474276
-0.03649697
0.02375696
-0.02583333
0.07741030
-0.01804457
0.00330150
-0.02263663
-0.06248244
0.06230168
-0.06730906
-0.07713844
0.04885213
0.04095388
0.02247330
0.05799363
-0.01523958
-0.04289313
0.03200293
0.05917665
-0.06445557
-0.09786777
0.02056919
-0.01920759
0.01966969
0.01092013
0.07987992
0.00621468
0.02936659
0.00812564
-0.00547319
0.07492296
-0.02646276
-0.05636558
0.03912265
-0.02985598
0.06329427
-0.06033285
-0.08884981
0.08533650
-0.03880637
-0.02821163
0.06231351
0.00541835
-0.02814193
-0.03956861
-0.03006715
-0.06417365
-0.03058101
0.06117060
-0.05613765
-0.03343751
0.02254582
0.05258466
-0.04603720
0.06525946
0.00310419
0.06637812
-0.00486323
0.01987611
-0.01967979
0.05497723
0.02077153
0.01918256
-0.06992606
0.05272513
-0.05654126
0.00563742
0.03757424
0.03449857
-0.03996600
0.00282467
-0.01939118
-0.04384922
0.06057313
0.03146718
-0.04751763
-0.06854194
-0.01904552
-0.06209567
0.02813289
-0.09121807
-0.03048865
0.07134789
0.06240197
0.01964078
-0.00045499
-0.08145568
0.02230177
0.06723243
-0.03807381
-0.01194381
0.01620472
-0.02145510
0.00409517
0.02765068
0.06666055
0.07078438
0.06148316
0.00281497
0.04204834
0.01940647
-0.00401491
-0.06571161
-0.00639959
-0.03340298
0.04797528
0.01114013
-0.06122640
-0.05704180
-0.03650353
0.04728572
-0.01596081
0.00755074
-0.02307460
-0.06483781
0.02524020
-0.05118654
0.09694418
0.01945631
-0.04804732
0.00357666
-0.00602037
0.04766899
-0.01311809
-0.00730654
0.02913870
0.02034882
-0.03452954
0.02813114
0.03227781
-0.04999133
0.05693586
-0.03725037
0.01393486
0.06943779
-0.04714888
-0.00362707
0.05324937
-0.05284756
0.07916575
0.07395218
-0.03539259
-0.07285346
0.00369125
-0.00886524
-0.02171471
0.03404043
0.03166704
0.00789407
-0.02156347
-0.01196828
-0.05266782
-0.02375956
-0.02263574
0.02613635
0.08092562
0.00409911
0.01773275
-0.07978567
0.05058574
-0.03235181
0.03521495
0.02663240
-0.04641033
-0.05909727
0.02079431
-0.02624179
-0.00898200
-0.04054387
0.05985302
-0.02215801
-0.03897535
-0.01874915
0.00649713
0.01908029
-0.00007743
-0.00700413
-0.03724314
0.03265802
0.04126474
-0.01322750
-0.03328710
-0.04907986
-0.01272980
-0.07903093
-0.03276991
0.05493964
0.04999066
-0.02486883
-0.05668604
0.08205534
0.05788644
0.05262703
-0.01636089
0.01948574
0.02533633
0.05090556
-0.03036816
0.02968446
-0.07235661
-0.00925250
0.05529669
0.03987336
-0.02165172
-0.03971976
0.00329698
-0.07420312
-0.03008035
-0.01780913
0.01374519
0.01680396
-0.02146481
0.03414698
-0.04827143
0.04367193
0.06642557
-0.00073373
-0.03420650
-0.06308237
0.03834756
-0.02948506
-0.00461119
-0.04190007
0.00920320
-0.01484217
-0.08189903
-0.02667458
0.07195887
-0.03113792
-0.00641142
0.06671127
-0.00073217
0.07953452
-0.00931550
-0.02823873
0.06778651
-0.05505979
0.07775042
-0.03379470
0.02042243
-0.01691494
-0.05473523
0.01100845
-0.01575717
0.01304984
0.02451885
-0.05787718
-0.04574387
0.04885920
0.02009602
-0.00831314
0.06789806
-0.00603151
0.01393228
-0.02160739
0.03010246
0.02757226
-0.02796291
0.09459392
-0.03669548
0.07672664
0.00506304
-0.03378088
0.00030645
-0.00775075
-0.06830940
-0.03639862
-0.08482239
0.03984946
-0.06326068
-0.01801448
-0.01018831
-0.04964130
0.02128668
-0.02013155
0.02753172
-0.01204937
0.03129989
0.01167119
0.04657921
-0.01582074
0.08657879
-0.03912898
-0.00876578
0.05372367
-0.02992551
0.00877116
0.05220627
0.02265620
0.02351662
-0.03440152
0.03697659
-0.05910933
0.00460184
-0.01773706
0.01756280
-0.06910481
0.00701725
-0.01460967
0.00044225
0.07376508
-0.03835152
0.05689756
0.03784731
0.00827493
-0.02840263
0.00167277
-0.04045700
0.05995627
-0.00830514
-0.06487789
-0.01473969
0.05862907
0.04025010
0.02186838
-0.03958609
0.04985277
0.02601459
0.02082333
0.00725495
0.04345178
0.06106231
-0.03707276
-0.06949335
-0.00908811
-0.00730212
0.03372612
0.04159612
0.07032990
-0.00984987
-0.01568305
0.00195180
0.05678107
0.05797432
0.00805597
-0.07610781
0.04781511
0.00407941
0.02068113
0.04321368
0.04638283
0.01356389
-0.01303545
-0.05384843
-0.07212421
0.06912600
-0.02947761
0.10009817
-0.02749983
0.04606377
-0.04298792
-0.03131988
0.06267739
-0.08413469
0.03978143
-0.08190963
-0.02388914
0.01439871
0.03399619
-0.02364301
-0.05062972
-0.00855501
0.04023537
0.03775784
0.03859103
-0.01095079
0.03636444
-0.06489405
-0.03280887
0.06733228
-0.05088715
0.03444699
-0.07504470
-0.01113166
0.00913494
0.02205026
0.03546767
-0.02978223
0.01207333
0.02694419
-0.06906555
0.03134505
-0.06529552
-0.00481484
-0.03182703
0.00168263
-0.05667432
-0.00117790
0.02084184
-0.01315981
-0.05422748
-0.01376336
-0.03703674
-0.00973444
0.04242374
0.08167343
-0.04636895
0.00900496
-0.03543717
-0.08388930
-0.04302926
0.04727090
-0.09858654
0.03046538
0.07569283
0.04568372
-0.04111144
0.07449669
-0.00011252
-0.01590468
-0.06160939
0.03345827
-0.05451668
-0.06377189
0.04962277
-0.01511615
-0.06275448
0.01717437
0.05104630
-0.01865547
-0.01180016
0.00422035
-0.01383418
0.03457757
-0.01954846
-0.07166959
-0.09170747
-0.00883307
0.05851844
0.04678372
0.04647452
0.00817582
-0.04914996
-0.03229382
-0.04115953
0.06994098
-0.02144688
0.00003411
0.00033441
-0.04041895
0.02239386
-0.00154396
-0.03445013
-0.02203771
-0.03495573
0.01333699
-0.01643817
0.06680597
-0.03218494
0.03676769
0.01591000
0.01516615
-0.00549950
-0.03675342
-0.00183685
0.06118006
0.01760936
-0.01660757
0.02991724
-0.02154913
-0.07707387
0.00073299
0.06028678
-0.04790174
-0.01006666
-0.02476931
0.04830558
