-0.02569547
-0.04156598
0.06709134
-0.01428636
-0.00744128
-0.01296124
0.04598448
0.00106210
0.09169491
-0.04071965
-0.12405055
-0.01248077
0.09336302
0.05707852
-0.06884454
0.07826149
-0.03314805
-0.11434294
0.05414184
-0.07138142
-0.05222778
0.01036362
0.08067124
0.07452927
-0.02875200
-0.01422132
0.05013611
0.04076544
-0.03639573
0.05907008
-0.00241134
-0.00474093
0.09401079
-0.04654980
-0.00462639
0.01049532
0.10144096
-0.15371366
-0.00153110
0.05433934
-0.08400904
0.01231374
0.03862246
0.00752988
0.05506584
-0.02462629
0.00885067
0.00609026
-0.01964447
0.08436926
0.03558404
-0.01195585
0.01486841
-0.03713769
-0.07461450
-0.04224684
-0.05871103
-0.08620618
0.05533272
0.11533540
-0.02181648
0.02202679
-0.02128596
-0.05473791
-0.00200077
-0.07253050
0.04906796
-0.04174683
0.14839934
-0.06626879
0.05867372
0.00360191
0.05076626
-0.02294850
-0.10671406
0.15073651
-0.02789861
-0.07184038
0.07994349
0.02288826
-0.08576345
-0.07696021
0.03070110
0.01354626
0.05655947
0.02677525
0.13687187
0.03820956
-0.03840994
-0.05533937
0.00513853
0.02885828
-0.08966265
0.05806479
0.04044578
-0.08216383
-0.00667496
0.10097427
0.04300698
0.05910025
0.02295728
0.09511876
-0.00075593
-0.09036586
-0.09619841
0.00527191
-0.07111844
-0.03968614
-0.01364757
0.07020496
0.00867302
-0.00835230
-0.02879330
-0.00792625
-0.05035622
0.09033136
-0.01153138
-0.10729378
-0.04507205
-0.00623229
-0.14259794
0.09264484
0.06299549
0.02159329
0.03576466
0.00294441
0.10555160
0.08715493
0.00751209
0.00429772
0.10450991
0.09119790
0.12334334
-0.11504751
0.00213574
-0.02691337
-0.01017213
0.03663743
-0.00966677
0.05419460
0.00369336
0.04670001
-0.05718546
-0.08999074
0.00313520
-0.03056504
-0.08637302
0.14096811
-0.01229795
-0.11826307
0.02261015
0.10511099
-0.02130759
-0.08297294
0.11614701
0.03786752
0.04548246
0.02476025
-0.04602990
-0.09877726
0.02934402
0.09843922
-0.04763393
0.02883198
-0.03132987
-0.15848200
-0.01416901
0.07613933
-0.07024305
0.08156591
-0.03123882
-0.03202431
-0.06963086
-0.02721612
0.03495438
0.08262494
-0.07298610
0.01009624
0.07800306
-0.06538235
0.02330920
-0.02241162
-0.07022379
0.06107514
0.02482498
-0.00875372
-0.06890500
-0.01027006
-0.02438063
0.14159858
-0.01636584
-0.18047482
0.06366613
-0.04906147
-0.04490057
-0.00034441
-0.01180931
0.12151861
-0.04170435
-0.01916649
0.03073936
-0.01354187
0.01383172
0.03038295
-0.05598550
0.10937188
0.05987334
-0.06493524
0.03850516
0.08209638
0.02957098
0.03897163
-0.03106085
-0.02882680
-0.02351734
-0.07107027
0.02067436
0.01049323
0.03216186
0.02504962
-0.10031665
-0.05398395
0.04561165
0.02120565
-0.04148480
0.02223261
0.01577900
0.10490555
0.07046907
-0.07104997
-0.06644704
0.06988151
-0.01729042
-0.11534183
-0.03217282
0.04328153
-0.03280810
-0.03682307
0.02444465
0.00963770
-0.04854321
0.04614948
0.01258663
0.04586415
-0.06222761
-0.01066759
-0.03984539
0.10820566
-0.05346141
0.01597382
0.04902311
-0.00245806
0.01129783
0.04199421
-0.11669899
0.00627015
0.07442473
-0.02749113
-0.03181857
0.05292905
0.17163147
-0.15846643
-0.02788940
0.11308740
0.03732236
0.07668215
-0.09320929
0.05373435
0.10308596
-0.02900582
-0.03047015
-0.08539783
-0.17235325
0.01070577
0.10928533
-0.23277476
-0.22013034
-0.04943486
0.07327563
0.00618523
0.00003097
-0.19036730
-0.19074334
-0.19170548
-0.11907715
0.07945481
0.06176762
0.04992081
-0.04697847
-0.07100023
-0.18369642
-0.03115357
0.12608181
0.06031973
0.02433547
-0.17003745
-0.07521237
0.11709197
-0.12705100
-0.16119586
-0.07682008
0.06205155
0.13760522
-0.28536487
-0.04554328
0.24919349
-0.02920051
0.13047728
-0.10739885
-0.10105340
-0.14289065
-0.10813671
0.13419233
0.08519334
-0.01127015
0.03534057
0.06764752
0.33894837
0.12013916
-0.18901947
-0.01862755
-0.00382452
-0.04961326
-0.01359563
0.04036571
-0.03896285
0.04671142
-0.05900987
-0.06311154
0.09382024
-0.03026106
-0.04774448
-0.05751307
-0.08115748
-0.02671069
-0.04341383
-0.04636788
-0.08379573
0.07969284
-0.04955246
-0.03164617
-0.02404032
-0.03940596
0.04731107
0.02092323
-0.02993330
-0.03345133
-0.03842507
0.00115908
-0.06766032
0.07136390
0.04699785
0.04340324
-0.01713254
-0.06638006
-0.06619600
0.08544064
-0.01033748
-0.01557892
0.04196308
-0.06073853
-0.03929472
0.01473684
0.00801595
0.01815360
-0.05510466
0.00809230
-0.02481873
0.05619796
-0.01552071
0.00579652
-0.01982011
-0.07131857
0.06252846
-0.06745802
-0.04979349
0.05613273
0.03081858
0.01385716
0.06464286
-0.03312769
-0.05654887
0.05576855
0.07656077
-0.02828335
-0.08388840
0.00263022
-0.01143017
0.01717173
-0.00370402
0.08920138
0.01947030
0.04704738
0.03955703
-0.00183008
0.06428000
-0.01121449
-0.03250705
0.02550937
-0.03207134
0.07163459
-0.06397726
-0.09623694
0.07288751
-0.03512828
-0.03445501
0.08524989
0.01461969
-0.04807304
-0.02877831
-0.04642826
-0.08017088
-0.05276653
0.07274752
-0.06212994
-0.04600199
0.04650227
0.03574325
-0.03320017
0.07557004
-0.00046677
0.06814590
-0.02575573
-0.00189415
-0.02540670
0.04484315
0.04727837
0.02005481
-0.07209270
0.07844609
-0.04947579
-0.00669253
0.05060944
0.05574040
-0.04215253
0.01315712
-0.00464086
-0.02092263
0.07000028
0.05552638
-0.05100282
-0.08860302
-0.03058679
-0.05701836
0.01068683
-0.08286659
-0.04310099
0.06618740
0.06028311
0.01602091
-0.01051611
-0.05843582
-0.00492371
0.04845043
-0.04696618
-0.03822904
0.00955381
-0.03228774
0.01256345
0.01680914
0.05705991
0.04853654
0.05837877
0.00815994
0.02720773
0.03146327
0.00238041
-0.07304733
0.00248335
-0.04874334
0.02364132
0.00635785
-0.05231560
-0.05811419
-0.04184034
0.05005970
-0.02151260
0.00393164
-0.00004364
-0.04893594
0.03431418
-0.05069451
0.10619316
0.00788870
-0.06172559
0.01457551
0.00667077
0.02447148
-0.00650763
-0.03192344
0.05303556
0.03091806
-0.04624539
-0.01050773
0.03608200
-0.05276295
0.03709448
-0.05353282
-0.02957245
0.05622748
-0.04177061
-0.00526191
0.06855851
-0.07085389
0.08479073
0.08796357
-0.03890416
-0.07850431
0.01730723
0.00259621
-0.02181937
0.00815187
0.01085079
-0.00923687
0.01346986
-0.01741862
-0.03812138
-0.01443655
0.00974345
0.01965370
0.08922581
-0.01010222
0.00500704
-0.09385403
0.07622288
-0.03776917
0.02358015
0.01428221
-0.03568451
-0.02404687
0.04720078
-0.04532989
-0.00079449
-0.02196638
0.05329337
-0.03285785
-0.03644779
-0.04287278
0.00963348
0.02154847
-0.00755230
-0.02378855
-0.02799934
0.01770926
0.06112244
-0.00152600
-0.04251377
-0.07652675
-0.00134128
-0.04472593
-0.03142999
0.02818085
0.04224322
-0.05286533
-0.06864755
0.09533050
0.06797893
0.03749168
-0.00012989
0.00994929
0.00636967
0.06013140
-0.02138057
0.04092548
-0.08957378
0.00811618
0.06116154
0.04572078
-0.01297109
-0.03061124
0.01299498
-0.05051614
-0.02556742
-0.02844108
0.02103587
0.03131384
-0.03058765
0.03464702
-0.03680747
0.02169366
0.04219803
-0.00778141
-0.02923528
-0.04186923
0.04352436
-0.04246622
-0.01996681
-0.03677160
0.00207438
-0.01107054
-0.07871640
-0.01741237
0.08993553
-0.02419698
-0.00686937
0.05029091
0.00502994
0.05679727
0.00743237
-0.04480572
0.04431085
-0.05843784
0.05308184
-0.02308555
0.03575839
-0.01756466
-0.05987490
0.02155385
-0.03501174
0.00463623
0.00523700
-0.04767976
-0.04011165
0.04092732
0.00307262
-0.03113986
0.05315126
0.01127081
-0.00170960
-0.00914873
0.04249338
0.01743711
-0.00936340
0.08406400
-0.03833683
0.07472372
0.02300975
0.00230671
0.01834978
-0.01184862
-0.06892406
-0.03535672
-0.08293828
0.04613217
-0.04404747
-0.04279396
-0.00623221
-0.06305838
0.04440740
-0.03961793
0.04152151
-0.01265760
0.02889498
0.01437616
0.01443273
-0.03478144
0.08711384
-0.01581606
-0.01651615
0.05883829
-0.03692015
0.00931000
0.08229399
0.03270122
0.03370451
-0.02086128
0.00619362
-0.04749757
-0.00642956
-0.01303087
0.01558086
-0.06050048
0.04530940
-0.01924186
-0.02092301
0.06489401
-0.06196268
0.07589558
0.04266979
0.00998076
-0.03716749
0.03057569
-0.05006598
0.06141509
0.00799501
-0.03738189
0.00580004
0.04860350
0.06790976
-0.01312359
-0.03025532
0.07733738
0.01411177
0.01933343
0.00392786
0.03270047
0.04269701
-0.06493925
-0.06821874
0.02171290
-0.00909100
0.06123826
0.01523918
0.06176817
-0.00896787
-0.01610953
-0.02828363
0.01945539
0.05603053
0.01312602
-0.07969911
0.02825630
-0.00966167
0.00043583
0.05799816
0.04237645
0.02348543
-0.04533200
-0.03452833
-0.08665608
0.05089363
-0.03608456
0.10368567
-0.01906540
0.05538950
-0.02017255
-0.02232422
0.04371802
-0.06158817
0.05336768
-0.07832783
-0.00325950
0.02007767
0.06568212
-0.04034614
-0.05123001
-0.01758086
0.05831402
0.03173510
0.05250525
0.01007414
0.04965884
-0.04159287
-0.02609759
0.05256401
-0.03835742
0.01639234
-0.08012438
0.00143867
0.02131579
0.00993645
0.04470620
-0.05130187
0.02376207
0.04468017
-0.04309438
0.04760824
-0.05765179
-0.00518136
-0.02914912
-0.01546996
-0.06875822
0.01134657
0.03252056
-0.02158529
-0.07184352
-0.00959632
-0.07969914
-0.00379514
0.04651088
0.09892257
-0.05600452
0.01561487
-0.03685995
-0.07453398
-0.01955282
0.02510508
-0.09115516
0.01771222
0.05973270
0.02225958
-0.02862331
0.06274958
-0.00519132
-0.00434775
-0.03460049
0.01241118
-0.05541864
-0.07444233
0.04714158
-0.02663971
-0.03726023
0.03999913
0.03881650
0.00115512
-0.02942246
-0.00205783
-0.01338247
0.05960702
-0.02391471
-0.06964760
-0.08650077
-0.02559953
0.04176685
0.05747201
0.02037288
0.02491660
-0.03946742
-0.05604447
-0.03452159
0.07470431
-0.00859560
0.02314514
-0.00482374
-0.03991507
-0.00726856
-0.00557446
-0.02703972
-0.03677474
-0.01880515
0.02674619
-0.00752487
0.06413043
-0.04244450
0.04070074
0.02283636
0.00221540
-0.01129924
-0.05239715
-0.01572227
0.02501135
0.02314977
-0.02422998
0.02393605
-0.01484344
-0.05444244
-0.00267952
0.04995006
-0.01697561
0.01433140
-0.02538317
0.03162270
