-0.04616432
-0.09061909
0.09658289
-0.01409001
0.03189328
-0.07243567
0.00921239
0.04153777
0.12078135
-0.02764026
-0.08947315
0.01534144
0.08785450
0.04567569
-0.08285774
0.07220692
-0.00403950
-0.12460680
0.03438061
-0.02942780
-0.02877861
0.03526725
0.06638252
0.08516773
-0.02713418
-0.04085367
0.03275144
0.12288344
-0.03816228
0.06645302
-0.00072662
0.02189170
0.08027464
-0.05170895
0.01128309
-0.00738916
0.12472670
-0.13130283
-0.01743316
0.03075717
-0.11050906
-0.01657655
0.05017977
-0.01020922
0.07336419
0.01111244
0.03051826
-0.04497349
-0.05259659
0.11983707
-0.00291274
-0.01776667
-0.03069509
-0.01546928
-0.07618145
-0.05967643
-0.04245355
-0.03205738
0.05411860
0.09866117
0.01084343
-0.00601186
-0.02615993
-0.09675733
-0.01269925
-0.06250541
0.00693942
-0.04088316
0.16959676
-0.08883011
0.08338512
0.05511747
0.05337627
-0.03307724
-0.07855171
0.15833403
-0.04918985
-0.01555520
0.06575179
0.04048537
-0.06857214
-0.06674968
0.01603651
-0.00834232
0.10564403
0.01963674
0.17124604
0.03985807
-0.04723353
-0.02522941
0.01522826
0.07434285
-0.09357903
0.02036394
0.02097838
-0.08857501
0.02659611
0.08485874
0.08185793
0.03007625
-0.00418133
0.06941556
0.03633890
-0.09031237
-0.04824244
0.01078885
-0.00179095
0.01332559
-0.00012281
0.07729713
0.04902112
-0.02855992
-0.04004575
-0.01358390
-0.01757926
0.10242216
-0.06202000
-0.05489897
-0.05212099
-0.03397841
-0.15472507
0.07505395
0.08483662
0.04492642
0.02370310
0.00348489
0.08744971
0.09727719
-0.00988020
0.01333053
0.09658922
0.07300903
0.12751795
-0.06545002
-0.00844128
-0.04239377
0.00358353
0.02522103
-0.08136254
0.05036043
0.00278878
0.07453920
-0.02689017
-0.09518322
0.06921802
-0.00599785
-0.09276587
0.08202671
-0.01057871
-0.08900277
0.05057809
0.05193421
-0.00502973
-0.09411227
0.10669064
0.03928803
0.06413853
0.01542219
0.00442823
-0.07616840
0.02976433
0.08259674
0.01310917
0.06044568
0.00579332
-0.09879281
-0.00084237
0.07111730
-0.05046256
0.12833896
-0.04102240
-0.03568169
-0.07060668
-0.04591559
0.01245718
0.08485749
-0.05298396
-0.04547251
0.05740175
-0.01528189
0.03542501
-0.01911315
-0.05581230
0.03344482
-0.02572298
-0.04607702
-0.09401615
0.02488405
0.01245177
0.10498970
-0.04124502
-0.13910618
0.00327463
-0.02711787
-0.05937313
-0.02683388
0.01569005
0.10633039
-0.00350105
-0.01707648
0.02116281
0.00274242
0.02509762
0.01588660
-0.05708086
0.05599227
0.05454922
-0.07167491
0.07951879
0.08060093
0.04188002
0.10468066
-0.00760010
-0.00029000
-0.05036857
-0.06487235
0.04786835
-0.01848218
0.01936202
0.05501161
-0.08354741
-0.08071718
0.05388096
0.01294133
-0.00284283
0.05636049
0.04339087
0.08356718
0.03746146
-0.12731223
-0.12858239
0.05040595
-0.03877515
-0.12218857
-0.03451070
0.06675793
-0.02602798
-0.05853946
0.02072243
-0.02008030
-0.02649592
0.02824111
0.04515547
0.08490465
-0.02468064
-0.04474303
-0.03562113
0.08701281
-0.06900834
-0.01965643
0.00010282
-0.01216496
0.01381677
0.00502168
-0.11272303
0.02729768
0.11477022
0.02452190
-0.10696270
-0.04667868
0.20897520
-0.12635157
0.01463159
0.03228097
0.11483897
0.12980597
-0.18287805
-0.00369542
0.11091068
0.09821598
-0.09013519
-0.10825778
-0.21372841
0.00456649
-0.02855303
-0.20378277
-0.21675661
-0.04766151
0.17495354
0.08477467
0.14637576
-0.20756698
-0.14477089
-0.05660068
-0.11678810
0.04686983
-0.03139546
0.05104571
-0.13557322
-0.09570070
-0.21020579
-0.02542421
0.12169630
0.08685175
-0.03363072
-0.17161536
-0.05657104
-0.00131197
-0.08008850
-0.13394995
-0.01054442
0.07862861
0.19883384
-0.27845851
-0.02874767
0.17648475
-0.08020964
0.02624473
0.05196645
0.01435439
-0.10783661
-0.03503868
0.12428417
0.03606973
-0.11259022
-0.02487866
-0.05039549
0.39315486
-0.02647560
-0.06547483
0.03116037
0.03384899
-0.03233916
0.00091427
0.04745554
-0.02727135
0.05996099
0.05735505
-0.01402949
0.01351042
0.00614702
-0.06030043
0.00749589
-0.06594572
-0.02001492
0.00461510
-0.06588767
-0.02762015
0.03738227
-0.05613530
0.00411495
-0.00300904
-0.01475116
-0.02348319
-0.02944981
-0.05899155
-0.04054828
-0.01936875
0.11531941
-0.09580354
0.06306167
0.03479287
0.00848583
0.01584343
-0.05799167
0.02701862
0.01449814
0.04772768
0.02931533
0.07867646
-0.02958015
-0.07631619
0.00704407
0.02280263
0.03358965
-0.03286115
-0.00341124
-0.06490676
0.05692145
-0.00164432
-0.00881657
-0.09056568
-0.02550107
0.11282162
-0.01808307
-0.05583083
-0.01167654
0.03269634
0.00297188
0.02695789
-0.04325886
-0.02710165
0.01615158
0.00110655
-0.03143018
-0.05275157
0.05350732
-0.07716008
-0.00177125
0.04699301
0.03952037
-0.02696380
0.01751338
-0.00646602
-0.01719363
0.04030016
-0.01010721
0.00109168
0.02038403
-0.03282866
0.06589413
-0.05094715
-0.04875359
0.06589473
0.00812685
-0.07048468
0.09612449
0.04685253
0.04249306
-0.05654503
-0.05493367
0.00037065
-0.03998509
0.02297130
-0.03691865
0.00097454
0.08897555
0.06030336
-0.00203696
0.01240835
-0.04510486
0.04290383
0.04598473
0.05844057
-0.05784311
0.02574614
0.02882170
0.05896712
-0.05157507
-0.01057632
0.01161762
0.08177997
0.00854686
0.05627719
-0.02851207
0.02937735
0.01988082
-0.03943117
0.03182744
0.04394783
-0.07627866
-0.03001937
-0.01830799
-0.08392008
-0.00991985
0.00178234
-0.00750865
0.02245106
0.03443854
-0.00037731
-0.00436609
-0.01773984
0.05752694
0.01501418
-0.08095580
-0.04236945
0.01970725
0.01436338
0.01830682
-0.00829809
0.08533082
0.04332880
0.03805600
-0.05624292
0.04046783
-0.01387645
-0.01264429
-0.07535489
0.00796590
-0.04072216
0.03705932
0.09183463
-0.06631415
-0.08480100
-0.08985917
0.06245860
-0.03588321
0.00640803
-0.05422550
-0.04790439
-0.02721787
-0.04001861
0.05686403
0.03323723
0.01199308
0.02384210
-0.02036111
-0.00079833
0.03969368
-0.00520744
0.05506805
-0.01124289
-0.05803153
-0.00457828
0.03493271
-0.04235369
0.03827137
-0.07487648
0.01684677
0.06911599
-0.07140128
0.05350465
0.06273809
-0.11072663
0.10636564
0.09193298
0.00409967
-0.06181270
-0.00322496
0.04197083
-0.06585234
0.00846079
0.00247680
0.00668124
0.05304609
0.03107021
-0.08904951
-0.04216304
0.00509614
0.03444359
0.01563595
0.03846826
0.07811939
-0.04981904
0.08613365
-0.06169667
0.00932375
-0.03572429
-0.06671286
0.03212370
0.01563531
-0.00526247
-0.07537916
-0.04820511
-0.04370001
-0.06044439
-0.01768020
0.04818636
-0.03271910
-0.04348330
0.02733777
0.00572222
-0.04666571
0.03775941
-0.02285447
-0.05194054
-0.01999793
-0.02775778
0.01616806
-0.01047546
-0.01570208
0.02035964
-0.00141739
-0.00351907
-0.06328703
0.01873888
0.05692966
0.03582884
-0.06629851
0.00708594
-0.00810367
0.03608513
-0.08506592
0.02345823
-0.04766658
-0.03579329
0.00991107
0.05430191
-0.01665276
0.00077934
-0.03137728
0.02568403
0.05810442
0.00371537
0.00027698
0.08220819
0.00241183
-0.03719209
-0.00410810
0.02932539
-0.03200827
0.05356419
-0.00357244
-0.06789237
0.00915000
-0.05639363
-0.06194967
-0.00728885
0.02894778
0.03705089
-0.08716106
0.03070718
0.06062912
0.00881394
-0.02298603
0.02467418
-0.05891823
-0.02456952
0.00694981
0.00607371
0.01649913
-0.06161691
0.00953078
-0.03912828
0.00913830
-0.01751792
0.04088685
0.04156872
0.02943437
-0.01907551
0.05961110
-0.03560420
-0.02846682
0.02510732
0.06387693
0.01106529
0.03807184
-0.06320751
0.00608316
-0.03990203
0.04341199
-0.00915233
0.00035583
0.07696323
0.02342033
0.05916841
0.01118769
0.00305401
-0.04020928
-0.03599431
-0.00554348
0.03801373
-0.04251951
-0.05303635
0.00362152
0.00319811
0.06151568
-0.01640089
-0.04633962
-0.06473561
0.02568229
-0.04981446
0.02175511
-0.05498508
-0.02905549
-0.01947143
0.04572719
0.01478812
0.03112110
0.07255079
0.03404906
0.03707728
-0.00232258
0.07819822
0.00674246
-0.03776635
-0.00267571
-0.04336634
0.05117757
-0.01650658
0.01667758
-0.05192424
-0.00728396
-0.04771712
0.03751530
0.05057730
-0.03881262
0.07989546
0.06278991
0.02630320
0.00734675
0.05041811
-0.03393037
0.02480337
-0.03373303
-0.06052607
0.01638279
0.06705042
0.01091607
0.05023574
-0.01252535
0.08550758
0.06824368
0.04846978
-0.01979057
0.00349059
0.09024549
-0.00860091
-0.00269696
-0.03798979
0.01371107
-0.00967074
0.03884353
0.03169017
-0.04378251
0.04183675
-0.03061372
0.04661704
0.08595558
-0.00315939
-0.09640024
-0.03444609
-0.03208924
-0.03884066
0.01394435
0.06126064
0.00314502
0.00864633
-0.06442357
-0.02301686
0.01890971
-0.00229455
0.09010005
0.00768091
-0.00212141
-0.05720621
0.01278886
0.04960755
-0.04950382
0.03120087
0.00521401
0.01583245
0.05479893
0.03839573
-0.02621116
-0.00979596
-0.00820823
0.05907379
0.04697046
0.00707645
0.01666361
0.06832566
0.01442504
-0.02556163
0.02598182
-0.02506485
-0.00844993
-0.03038735
-0.04914234
0.01139001
0.06393702
0.01143299
-0.00574115
0.04184498
0.01250923
-0.07605599
0.06500851
-0.10727780
-0.03139102
-0.01114556
0.00132654
-0.02757847
0.04706054
0.07237566
0.02948318
0.02211592
0.06575343
-0.03761274
-0.03226164
0.09728088
0.10808997
-0.06038677
0.03598596
-0.03284051
-0.05592132
-0.02325979
0.04153151
-0.05498831
-0.02759667
0.08188156
0.03500260
-0.03013227
0.03630097
-0.00124680
-0.03828524
-0.05600004
-0.03595630
-0.05904025
0.00316105
-0.04734369
0.03239094
-0.02353957
0.04246643
0.08080756
0.00436771
-0.04998668
-0.01025914
-0.01769246
-0.00311629
-0.06940024
-0.04631534
-0.02516277
-0.02910656
0.07602368
0.08370460
0.04116312
0.02855839
-0.00135686
-0.02760419
0.00892269
0.04839008
0.00767804
0.04998640
-0.03429486
-0.01165371
0.03244602
-0.04052670
-0.05369090
0.02013304
-0.02423618
0.01635283
-0.00392287
0.05410670
0.03069753
0.05272157
0.00030005
0.01673398
-0.03452389
-0.05833315
0.04584241
0.06001535
-0.03252521
0.05596726
-0.02799090
-0.08004024
-0.03626993
0.05124776
0.07006524
-0.01965526
-0.05492229
-0.05058647
0.05494983
