-0.03857461
-0.00799873
0.10472869
-0.01824935
0.05658313
0.01051438
0.09967241
0.00839387
-0.00773402
-0.01805820
0.10952513
-0.04616339
-0.04818647
-0.07529868
0.07132060
-0.04022175
-0.07862625
0.01018154
0.03943723
0.07526743
0.00686801
-0.06119737
-0.07668563
0.09410803
-0.02963039
0.06246776
0.05077840
0.02870705
-0.07723557
-0.01687583
0.02682206
0.08746452
0.03826443
0.01554388
-0.04259245
-0.03898651
0.04541976
-0.05439396
-0.00075212
0.02311718
0.10099312
-0.01433739
-0.00818901
-0.05082969
0.05034230
0.07589035
0.01249583
0.01145251
-0.03140451
-0.09345993
0.02329608
-0.04920459
-0.03396875
0.02761821
-0.01924652
-0.02094500
-0.00813927
0.06396952
0.02892071
0.10511317
-0.01201125
-0.01637529
-0.00654115
-0.05855912
-0.08694657
0.01040059
0.04805020
-0.04750113
0.00356821
0.13218966
-0.03274700
0.01358929
0.06173336
-0.08368272
0.09585936
0.04689984
-0.07556258
0.14968720
-0.09593467
0.09254582
-0.04937476
0.06855929
0.04252794
-0.05995260
0.04873368
-0.11728287
0.10609955
0.11565810
-0.01001156
0.08482330
0.01202987
0.01451007
-0.00792045
0.04066622
0.06338307
0.17832737
0.13046336
-0.00211581
0.01752776
-0.06713437
-0.04168208
0.05951147
0.02106564
-0.04941001
0.04501891
-0.07244878
-0.06887666
0.10490089
-0.07107934
-0.00195343
0.05238168
-0.00702189
-0.06154442
-0.10003629
-0.03394588
-0.08479357
-0.00715465
0.08900484
-0.02244483
0.00910271
-0.06005516
0.14761753
0.06677273
0.08212741
0.02756391
-0.05379811
-0.01765990
0.08185899
0.06001391
0.06828200
0.07280495
0.05665777
0.02362871
0.07667287
-0.03666468
0.01392034
-0.07756025
-0.02123589
-0.09464114
-0.00574435
-0.09894901
0.10213014
0.09598313
0.01357257
0.02509587
-0.07070331
0.05403135
-0.14594230
0.04951953
0.03022439
-0.08592761
0.04151754
-0.07691137
-0.04766508
-0.00403238
0.00508824
0.01659684
0.10905258
0.01496544
0.02873681
-0.02442566
0.08205741
-0.04433632
0.04526291
0.00087818
0.05198645
0.00259567
0.02979351
-0.01499256
-0.01294291
0.07142358
-0.00643185
-0.02742952
-0.00185751
-0.01185895
-0.04821274
0.06089651
-0.04891922
-0.05225217
-0.00754088
0.00311165
-0.04823328
-0.00156251
0.12547553
-0.01104683
-0.06616331
0.10436333
-0.04379443
0.10357424
-0.02661478
-0.07816565
-0.04300428
-0.02516264
0.10271725
0.04366631
-0.07192683
0.00509814
0.05590810
0.08189318
0.06204489
0.06635632
-0.01498879
-0.09982304
0.07490113
-0.05530270
-0.01918340
-0.03120671
0.01834477
0.03680468
0.00556579
-0.07801665
-0.07247058
-0.00552796
-0.02530956
0.09588918
0.02793607
-0.01343537
0.12728810
-0.00147617
-0.04028911
0.10268158
-0.08808113
0.01227574
-0.04581001
-0.00616609
0.01210299
-0.09785250
0.01757465
0.04153742
0.05502534
-0.03491547
-0.10796164
0.05796514
-0.08650760
0.05098947
0.03952457
-0.05062383
0.05037129
-0.08832080
0.04323362
0.03858437
-0.03070575
0.02486407
0.04718593
0.01057436
-0.08084490
-0.06927347
-0.10813364
-0.11628275
-0.08808643
-0.11419389
0.00512197
0.14398135
-0.04416288
0.00921642
0.05484215
-0.01543347
-0.04942847
-0.00552865
0.04587448
0.06343675
-0.18168616
0.08957513
0.04877109
-0.05867126
0.01310595
-0.09342570
0.14013182
-0.01229856
-0.04059782
0.01403474
0.07381281
-0.16216317
-0.06739295
0.11184797
-0.25010839
-0.15323748
-0.03193223
0.06950627
-0.10150480
-0.05903822
-0.11869864
-0.15056388
-0.25439084
0.00448018
-0.03067518
0.09782387
-0.04726299
0.04030958
-0.00545030
-0.13697806
-0.02833456
0.16273223
-0.02013141
-0.10291778
-0.21661095
-0.14994583
0.07479498
-0.09275226
-0.16386998
-0.08221091
0.13188714
0.18885680
-0.22882421
-0.02248905
0.23053014
-0.05591550
0.15970713
0.01870310
-0.19940881
-0.04846339
-0.17674558
0.07043297
0.07909480
-0.03529493
0.03637162
0.18190628
0.30286121
0.12999484
-0.22856838
-0.04664484
-0.00789646
0.04916920
0.06775367
0.02509968
-0.09018698
-0.02452417
0.01745450
-0.12493132
-0.01383000
0.08162121
0.02934289
-0.03610982
0.04575514
0.04952201
0.02465850
-0.10555761
0.03354072
-0.04681792
-0.05737627
0.02324134
0.01620794
0.04856044
-0.04153483
0.00650553
0.02046463
0.04427942
-0.06651239
0.02795484
0.10966346
-0.01215299
-0.00193015
-0.05857616
-0.00945853
0.01661152
-0.00357496
0.01922227
-0.04079483
0.00179833
0.06446078
-0.00250098
0.00900403
-0.03758969
-0.06102281
0.08060127
0.04589415
-0.08610665
0.03805954
-0.00132072
-0.02323685
0.07367285
-0.03476648
0.07684014
-0.01617115
-0.04324387
0.03710948
-0.04781859
0.01738510
0.02044213
0.04665696
-0.07106594
-0.03599674
-0.00400406
-0.03016143
-0.06709309
0.02808977
0.02316033
-0.06352624
0.05919527
-0.01678128
0.01064985
0.04539568
0.00881181
-0.01046332
-0.01008414
-0.05748264
0.05384714
0.04936939
0.00382266
0.03482201
-0.05354194
-0.05951541
0.06149542
-0.02570167
0.07197988
0.04908029
-0.03446589
-0.03267987
0.04756971
0.03713798
0.04175503
-0.00821004
0.02055225
-0.00151489
-0.02763154
-0.06738953
0.01160655
-0.00227563
-0.00003710
-0.05757500
-0.01606444
-0.00175865
-0.08644542
-0.05990827
0.04132848
-0.00819519
0.01657740
0.05368268
0.01530007
0.04535592
-0.02705495
-0.02375983
0.06822635
-0.00980331
0.04001056
0.01870818
0.00159553
0.00796423
0.05151762
0.01279403
-0.08380655
0.02776429
-0.01134764
0.04878187
-0.02269387
-0.00275302
-0.02821017
0.07403070
-0.02087643
0.03493464
-0.03778721
-0.01579440
0.03309608
-0.01164167
-0.05204478
-0.04351669
0.02826574
-0.04803848
-0.01051742
-0.04315466
-0.01689586
-0.05143325
0.05555785
0.03786694
-0.01155239
0.02900245
-0.01938688
-0.01347573
0.08491016
0.02291066
-0.03863373
-0.04316151
0.08290046
0.05181248
0.00088513
-0.02994025
-0.00081097
-0.00772082
0.05669931
-0.03240411
-0.07729481
-0.01132996
0.00857387
-0.00812865
0.01080507
-0.04760983
0.00967025
-0.01686708
-0.01031023
0.07040092
-0.00534240
0.08799598
-0.03842826
0.08843999
-0.00829488
-0.04108315
-0.02098338
0.07104218
-0.06394500
0.09491010
0.02692218
-0.04432777
0.03885245
-0.01065120
0.06407277
-0.03679842
-0.00790134
-0.03884497
0.02702171
0.05772328
0.03365394
-0.03616463
0.07741848
0.00085952
-0.01060689
-0.06485703
0.02452951
-0.02468836
-0.01522680
-0.05844719
0.03116352
-0.07379772
-0.01827115
-0.04702757
0.01429662
0.04882321
-0.01914269
-0.12629330
-0.02804218
0.03012482
0.02405966
0.00616702
-0.00388214
-0.01474005
-0.00307439
-0.05758095
0.06811800
-0.00364466
0.07545727
0.06228109
-0.05255773
-0.04859792
-0.05640076
0.00765679
-0.00275266
0.05816773
0.03343493
-0.12996489
0.00687882
0.06127370
-0.03187379
0.02904249
-0.02829369
-0.07068477
0.05836890
-0.05392631
-0.02995784
-0.04423994
0.01075743
-0.07455765
0.00941755
0.01857906
-0.00219184
0.04735184
-0.00289020
0.03899919
0.07469381
-0.00577598
-0.02484943
-0.08438281
0.01265525
-0.06262276
0.02949424
0.03337462
0.08192184
0.02059596
-0.00732208
0.01329771
0.00107501
0.02687057
0.00536330
-0.08408762
-0.06691445
0.00305758
0.01895435
0.00453641
0.00835079
-0.04028215
-0.03014868
-0.02541693
-0.01672520
0.01705702
0.05064546
0.00364507
0.04270718
0.03093846
0.00573164
-0.05833474
0.06005096
0.01224993
0.03836671
-0.00213011
-0.10592126
0.04090597
0.05610379
-0.02480497
0.02572175
0.06611855
-0.08955874
-0.02591338
-0.02447562
-0.01042990
0.02459611
0.02313722
0.04831445
-0.00556731
0.02832383
-0.00590687
0.02126624
-0.04319222
-0.01333907
-0.00166968
0.01674443
-0.09350673
0.04923561
-0.02542892
0.10786384
-0.02675654
-0.00640630
-0.06900064
0.06474963
0.00851361
-0.03915856
0.06255759
-0.08861405
-0.01198476
-0.01665905
-0.03652605
-0.04884167
0.02098977
-0.07880834
0.04529784
0.09284754
0.00059142
-0.00351216
-0.03760142
-0.08148845
0.04507491
0.07965069
-0.01774335
-0.01803153
0.01318925
-0.00783712
-0.02884260
-0.00965740
-0.02311382
-0.04809565
-0.00702209
0.04520032
0.05012894
0.00591947
0.01717499
0.05864906
0.01499357
-0.01515213
-0.03349265
0.01280213
-0.01678018
-0.04399923
-0.06039528
0.03651373
-0.00775288
-0.04211336
0.06225531
0.02216725
0.03769457
0.02812699
-0.06721184
0.02167560
0.00157945
0.09368494
0.02332382
0.00381712
0.01684732
-0.02144959
0.03274852
0.03376572
-0.02045326
0.01560213
0.01455801
-0.02340635
0.05479484
-0.10785232
0.00294675
0.03075263
0.01332873
0.01164803
-0.04766767
-0.03368423
-0.00587494
-0.04550129
-0.08250886
-0.00445069
-0.02793369
0.01581134
-0.01885081
-0.07320801
0.00535079
0.00091830
-0.03424159
-0.03717420
-0.05461321
-0.06101972
-0.03519539
-0.03734592
0.06302592
0.04227313
0.05242789
-0.04241672
0.06055476
0.05768275
0.02800923
-0.02228432
0.00780851
0.08854087
0.01809670
-0.03781560
0.01010102
0.05406171
-0.00484337
0.00358430
-0.07348213
-0.06218857
-0.02856420
-0.03752787
0.04910566
0.00416257
0.02332916
0.08462315
0.01379478
0.00138887
0.01852854
-0.01557525
0.02396795
0.03304754
0.04919457
-0.04785712
0.04300991
0.05820774
0.05243653
-0.08261197
-0.09192280
-0.07606118
-0.02718709
0.03120615
-0.02303137
0.04771904
-0.06120777
-0.01201065
-0.00984583
0.03136861
0.04297522
0.06791528
-0.08062848
0.00199304
-0.01382643
0.02555471
0.04827524
0.01555643
-0.04163678
-0.01297005
0.00977861
0.02411050
0.00892079
0.08125031
-0.02209338
-0.02381504
0.05999514
0.00277756
-0.07467417
0.02105213
0.07193929
0.00305283
-0.00982909
0.04380782
0.00901744
-0.03215394
0.03083262
0.04613800
0.10373147
0.06015123
-0.03382445
0.02408595
0.03188677
0.06729545
-0.00004779
0.04262150
0.00621611
-0.02737700
-0.02417015
0.00405341
-0.04330809
0.02957136
0.06502945
0.07114657
-0.00211492
-0.01900061
0.03665192
-0.03560542
-0.05018544
-0.00292284
-0.05301366
0.00706171
-0.04615297
-0.02704155
-0.00384098
0.06165349
0.03583127
0.01695094
-0.00480124
-0.06749982
0.02929197
-0.04955960
-0.03194232
0.00304651
-0.06497569
0.05898522
-0.01050520
-0.00919901
-0.01808904
-0.01743563
-0.06478807
