0.02908699
-0.01539859
0.11222867
0.04105191
0.03005302
0.07341207
0.09554666
-0.09080841
-0.05398522
-0.02060241
0.10086641
-0.03467633
-0.08993321
-0.04406410
0.09419417
-0.05479976
-0.04921298
0.05532553
-0.00708049
0.05916231
0.03122845
-0.06924700
-0.07490987
0.05680286
-0.05192981
0.16672850
-0.00684635
0.01385543
-0.07775292
-0.03336594
0.02219893
0.09363616
0.02914193
0.02895283
-0.06195510
-0.00366007
0.01363635
-0.03403687
0.00567460
0.00318901
0.10635635
0.02353232
0.01874291
0.03666044
0.01982795
0.01513718
-0.00031389
0.08908787
-0.08649556
-0.19248109
0.01187785
-0.02669409
-0.00424375
-0.01668306
-0.00492041
0.08989392
0.00175780
0.06149710
0.05212170
0.13101842
-0.01714667
-0.03243699
-0.03342696
-0.02691639
-0.06089748
0.00825883
0.03106145
-0.04536092
-0.02578994
0.07517795
-0.03479210
0.05913725
0.01904970
-0.03172198
0.14151345
0.02984900
-0.03440178
0.11113071
-0.04591097
0.10007978
-0.02344158
-0.00902112
0.04009534
-0.05914347
0.03720183
-0.11849757
0.04227658
0.15633361
-0.03498835
0.04580482
0.01081158
-0.03392022
0.01030152
-0.01516626
0.00337496
0.15915491
0.12305646
0.03447140
0.02595989
-0.06011640
-0.02151379
0.11775303
-0.00078253
-0.03559693
-0.02683884
-0.06446827
-0.04878698
0.05252051
-0.08324721
0.01119970
0.02369536
0.01672993
-0.01007028
-0.06520564
-0.03288712
-0.09958838
0.00706032
0.09261554
-0.02300045
0.09371064
0.04190718
0.14247799
-0.01972118
0.13116428
-0.00507034
-0.00460184
-0.03792575
0.04002271
0.01178443
0.07174759
0.02945093
0.03061333
0.03861733
0.03056707
-0.02667098
0.01452415
-0.10155343
-0.00025661
-0.03276629
-0.01713491
-0.10061274
0.06050494
0.08282197
0.07617965
0.01254798
-0.04635196
0.02258816
-0.11322553
0.09410680
0.04076305
-0.12082797
0.02848350
-0.07487946
0.02280156
-0.00458228
-0.04395884
0.04179771
0.08012081
0.00616382
0.00827682
-0.04477339
0.07088121
0.00128236
0.02315196
-0.03069472
0.03185355
-0.01595909
-0.04171954
0.01561410
-0.08362658
0.03884619
-0.01022199
-0.01720664
-0.01420367
-0.05669736
-0.07999182
0.03053111
-0.12064043
-0.02627127
-0.00052832
0.02315251
0.01743093
0.05989026
0.09344377
-0.05114692
0.01238753
0.09658387
-0.05020197
0.05617369
0.00244995
-0.00965791
-0.05844286
0.01602326
0.11494320
0.05588755
-0.04831903
0.01819925
0.07391155
0.03642909
0.08903042
0.08790948
0.03835960
-0.10092989
0.06083883
-0.03667330
-0.09276114
-0.05870590
0.04262164
0.00651638
-0.03564768
-0.07494204
-0.07092667
-0.05152899
-0.05656613
0.09474990
0.07256436
-0.04007121
0.14412357
0.00302641
0.00452553
0.11751963
-0.05348133
0.03386625
-0.06780349
-0.02099393
-0.03997566
-0.14212047
-0.03421833
-0.00176691
0.09784359
0.02765279
-0.10097805
0.02193084
-0.08318489
0.07047302
0.00924452
-0.02612683
0.06121513
-0.06471003
0.05533432
0.04186743
-0.01712705
0.03784993
-0.00507109
0.04012762
-0.05407959
-0.00166310
-0.09081464
-0.08664627
-0.07156017
-0.04530381
-0.01264603
0.16318597
-0.02260978
0.05783466
0.06205528
0.03345879
-0.06256737
-0.01482386
0.03906021
0.10734043
-0.17675693
0.03834121
0.09893807
-0.03505941
0.03594396
-0.08813138
0.10616127
0.05334573
-0.04135712
-0.01731450
-0.01184562
-0.17901877
-0.03247732
0.13416663
-0.25430951
-0.16901685
-0.05228749
0.06501292
-0.05830916
-0.04393996
-0.12248405
-0.17188264
-0.24137172
-0.04662651
0.04593065
0.07534086
-0.02017342
-0.00255294
-0.04151872
-0.17224364
-0.05284172
0.14241606
0.02339637
-0.03138578
-0.18403646
-0.12256937
0.09704038
-0.10277116
-0.17607872
-0.08568457
0.10494529
0.17369753
-0.26579964
-0.05102242
0.22731124
-0.00382876
0.17111388
-0.02885495
-0.15944406
-0.07583039
-0.13257898
0.11285163
0.11720102
-0.00907225
0.04936296
0.14436267
0.33873460
0.13736548
-0.22624290
-0.00756824
-0.01738564
0.00537771
0.03955230
0.02783960
-0.04119865
-0.09246498
0.02662602
-0.06444021
-0.02191003
0.02539469
-0.00924969
-0.01832764
0.02254864
0.04421763
0.04015893
-0.07225280
0.07186994
-0.03936924
-0.05169161
0.03001645
-0.03773679
0.02516409
-0.05881388
0.04293283
0.01364619
0.00866650
-0.03837782
0.01013735
0.07609641
0.01151280
0.02707958
-0.08817597
-0.02737406
-0.01355894
-0.02436329
0.02553573
-0.02177891
0.01692148
0.06590933
-0.04433699
-0.00243299
-0.01449191
-0.09153298
0.06457634
0.06053920
-0.11615311
0.01735887
0.05923390
-0.06956590
0.03521984
-0.08129577
0.04138827
-0.01855120
-0.06643149
0.01974441
-0.07542906
-0.01438690
0.00631949
0.00938312
-0.07087298
0.00010996
0.01634896
-0.05674883
-0.04408921
0.02976951
0.01260211
-0.06309943
0.01487873
-0.01040987
0.04977715
0.05658552
0.03158341
-0.00175488
0.03139230
-0.08970844
0.00607960
0.04608008
0.01948485
-0.00097468
-0.02141976
0.01308426
0.07946035
-0.01906019
0.11630651
0.03774506
-0.00924803
-0.01965034
-0.00130623
0.02254816
0.02982682
0.01925285
0.02834773
0.01305690
-0.01846653
-0.03438147
-0.02475482
0.03784088
0.01136581
-0.00219702
0.00054644
0.04048562
-0.05910343
-0.08506812
0.00170413
-0.03491797
0.04967920
0.07666238
-0.03667527
0.02937492
0.03515609
0.01018006
0.07370935
-0.02538273
0.01928990
-0.01720583
-0.00808709
0.04327656
-0.01101157
-0.05812319
-0.06280425
0.00455827
-0.01257551
0.06224128
0.01002264
0.04254596
0.04033925
0.03199253
-0.08128899
-0.01371377
-0.02363246
-0.01800645
0.06796582
-0.02976488
0.00642828
-0.06859408
0.07986756
0.00540383
0.01288399
0.00383708
0.01489558
-0.07127719
0.04141833
0.04912361
-0.03962985
0.03891283
-0.02952351
0.01090163
0.03990905
0.04864329
-0.01133837
-0.05356484
0.04064584
0.06496537
-0.00082695
-0.04840015
0.01406019
-0.09241462
0.03010081
0.01941995
-0.04202647
-0.00466980
-0.09042845
-0.05752166
-0.01274373
-0.02268762
-0.01834141
-0.01936150
-0.04687672
0.03027815
-0.00246573
0.02242633
-0.00705913
0.04430798
0.01950672
-0.03777783
-0.01499625
0.07218658
-0.05414654
0.08958828
0.00382320
-0.03010668
0.02042572
-0.02961032
0.04352042
-0.06757161
0.00935601
-0.02565791
0.03052454
0.07600456
0.00168326
-0.08444896
0.00744631
0.06733885
0.00245206
-0.04246616
0.04451470
0.06370266
-0.00610236
-0.04843817
0.02057003
-0.11259463
-0.06670223
-0.02498945
0.04500534
0.04355215
0.01273542
-0.09969681
-0.02937273
0.04261394
-0.00990964
0.03591405
-0.02856031
0.00105447
-0.00611936
-0.00730657
0.03923993
-0.02791213
0.08562710
-0.00391494
-0.09713522
-0.04277497
-0.07039678
-0.05332034
-0.01157028
0.03429853
0.08284553
-0.08791575
0.00166551
0.05751449
-0.07760855
0.01048934
-0.03745981
-0.05204156
0.02623215
-0.00854484
-0.00912065
-0.04521109
0.02573547
-0.10104990
0.06511885
0.01654733
-0.02494881
0.03789358
-0.04752155
0.07231975
0.02261307
-0.02713317
0.04723306
-0.02029589
-0.00763901
-0.05125719
0.02333517
0.03513901
0.06855664
0.06207202
0.01583994
0.00399775
-0.02256969
0.00986435
-0.04111775
-0.07849905
-0.00603315
0.03750468
0.01375822
-0.01670709
0.02402226
-0.04268200
0.02155565
0.02914444
0.01089987
0.03619733
0.05915258
-0.03888110
-0.00534669
-0.02854881
0.00234646
-0.03053866
0.05459519
-0.01572146
0.01433814
0.04644959
-0.04794415
-0.01151014
0.02647108
-0.00856933
0.04712661
0.01229978
-0.07011665
-0.04940844
-0.01254743
-0.00265800
-0.00867985
0.02259558
0.08117019
0.00612273
-0.00572470
-0.01688692
0.00797159
-0.01940236
-0.05144368
0.01895123
0.04800021
-0.10359003
0.00278242
-0.04602017
0.01802724
-0.00409669
-0.01686605
-0.05990141
0.16988678
0.00946795
-0.01366210
0.05089440
-0.03003669
-0.02748655
-0.00890959
-0.05518063
-0.03463375
0.02346932
-0.02701152
0.02363431
0.08551772
0.04140563
0.00453468
0.01102222
-0.02234243
0.02323124
0.02385130
-0.03035430
0.00210077
-0.02703621
-0.01769328
0.00235172
0.00532227
-0.03313744
-0.03010520
0.05296325
0.07951003
0.03824067
-0.02819626
-0.02624778
0.02680354
0.00556782
-0.07404404
-0.08385251
0.03860151
-0.00224145
0.00896609
-0.01169171
0.06511510
-0.01671984
0.01446318
0.03281090
-0.02951314
0.01678335
0.06159456
-0.08034139
-0.01790068
-0.01239478
0.07893763
0.02772456
0.02395060
-0.00119770
-0.01909927
0.07296489
0.00060825
-0.04338147
0.01961087
-0.00176117
0.02934325
0.04637852
-0.05199753
0.04201123
0.02247875
0.09345572
0.00732931
-0.05498111
-0.04482823
-0.03731417
-0.05225832
-0.08880717
0.01543936
0.00153570
0.04217470
-0.08564347
-0.06615961
-0.01964499
-0.01294281
-0.03984061
-0.02327623
-0.02052393
-0.07354401
-0.03700066
0.00788662
-0.00177723
0.00443873
0.04538423
0.00250504
0.07828768
0.05977845
-0.00303353
0.01681593
-0.00780475
0.10666642
-0.01039607
-0.02921035
-0.01752180
0.01701557
-0.03402368
0.03696675
-0.05729504
0.01096871
0.02945815
0.00565912
0.03152927
-0.00281660
0.01705219
0.03334156
0.02283258
0.03035014
-0.05351048
0.06683374
0.04431842
0.03912313
0.06874902
-0.02375233
0.08098495
0.07420792
0.04497610
-0.07846764
-0.04976054
-0.04877986
0.00370340
-0.01956764
-0.02566572
-0.00537086
-0.03642574
-0.00230360
-0.01031306
-0.00672942
-0.01600671
0.06504595
-0.08031843
0.08164098
0.04169472
-0.03213498
0.01482370
0.07004609
-0.05069597
-0.03523260
0.01019957
0.00191686
0.02821822
0.09184140
0.03014885
-0.03123797
0.09184571
0.04154055
-0.07149670
0.00673183
0.05555643
-0.00690633
-0.02194544
0.04303474
-0.00504221
-0.03055372
0.05479141
0.05534060
0.08077624
0.02635394
0.01240400
-0.04114026
0.01899191
0.08774643
0.06122944
0.01958152
0.00208511
0.01088438
-0.00848451
-0.00746987
-0.06049792
0.05570506
0.02500588
0.12073271
0.01013888
-0.04338883
-0.02647093
-0.03999494
-0.03515448
-0.01949657
-0.04532031
0.02157435
-0.04300363
-0.00947988
0.03495841
0.01559749
0.02682639
-0.01849880
0.00980607
-0.01433008
-0.02460231
0.03530026
-0.05483010
-0.02191385
-0.08909763
0.04505160
0.00626783
0.01791489
-0.06691810
0.02909121
-0.07903453
