-0.06834047
-0.01996825
0.11092512
-0.01585355
0.02488902
0.01328274
0.11785983
0.02474923
0.06846041
0.01123982
0.03977967
-0.07543288
-0.05044921
-0.10514969
0.01173077
-0.04634855
-0.07526916
-0.03432434
0.03676756
0.04383427
0.01079636
-0.05872404
-0.05435172
0.12457900
-0.03609782
0.08020648
0.04021543
0.03091701
-0.03503871
-0.01481511
0.04562473
0.08694571
0.06435791
-0.00391151
-0.04402333
0.00399884
0.05164386
-0.11755066
-0.02054049
0.06725659
0.07149999
-0.01445009
0.03452419
-0.01588442
0.07932711
0.07690548
0.00222574
0.02109239
-0.05989730
-0.06284355
0.04458169
-0.05480324
-0.02149002
-0.03171284
0.00322800
-0.05709247
0.00737004
0.01352015
0.04282653
0.12727833
0.01437639
0.01327002
0.00809563
-0.02664889
-0.10394571
0.02362675
0.04916752
-0.07069734
0.03225932
0.12168854
-0.06233075
0.01480610
0.05279586
-0.05301241
0.09230477
0.08800186
-0.03969265
0.08405962
-0.08325931
0.06877786
-0.04986818
0.01738857
0.02511626
-0.01655506
0.01617114
-0.12659130
0.12682980
0.13175146
-0.03174786
0.06974129
-0.01500932
0.04073196
-0.01432702
0.05251024
0.04544334
0.13822649
0.10108626
0.01482470
-0.03791233
-0.02911991
-0.05660508
0.04232753
0.04787284
0.02905550
0.01311232
-0.07596444
-0.06576356
0.04431248
-0.05993225
-0.00461743
0.02365404
-0.05257008
-0.05865619
-0.12728073
-0.01351062
-0.02773733
-0.00682557
0.03241345
-0.07249672
0.03055632
-0.08043886
0.14439335
0.02560905
0.06536255
0.03555776
-0.03832287
-0.05547674
0.09700635
0.04528002
0.11071421
0.08240640
0.03081544
0.05483052
0.01667899
-0.06973572
-0.03894331
-0.06147069
0.04205430
-0.07728080
0.00612620
-0.10260856
0.06857787
0.08591214
0.00334156
0.00586493
-0.10434598
0.03102124
-0.07963777
0.04190809
-0.01222768
-0.05365381
0.04444417
-0.08262490
-0.07771682
-0.01963963
0.07989426
0.05127408
0.12868664
-0.00536470
-0.02023411
-0.01785297
0.09277888
-0.03535003
0.00846909
-0.00789688
-0.01218866
0.01120529
0.01725543
-0.05457574
-0.03654531
0.03240874
-0.00628429
-0.04186774
-0.03165584
0.03493261
-0.03899879
0.06358636
-0.05657896
-0.08228458
-0.04824121
0.02815228
-0.06304974
-0.05530599
0.15256761
-0.05882724
-0.07113286
0.12500657
-0.01135424
0.09642042
0.00863800
-0.05748504
-0.06412510
-0.00812129
0.04207630
0.07620802
-0.08757594
0.00898749
0.07387907
0.00941708
0.04969974
0.08317260
-0.03868789
-0.12843312
0.08053927
-0.08359124
-0.00297307
-0.00874549
0.01627650
0.04977513
0.05484870
-0.06919521
-0.09268726
0.01790430
-0.03369426
0.09007224
-0.00086733
0.04768259
0.13019231
-0.02136695
0.00470188
0.05894503
-0.06901570
-0.00213803
-0.06131240
-0.01590886
0.03931648
-0.06491020
0.08287122
0.07999904
0.06166171
-0.02295427
-0.06370876
0.02760535
-0.09093103
0.01509364
0.08120350
-0.08763385
0.04981155
-0.09449942
0.05755790
0.05723679
-0.03847725
0.03477862
0.07823279
-0.04826492
-0.08426226
-0.08429628
-0.11335093
-0.12047763
-0.06132822
-0.10616606
-0.02540831
0.09977146
-0.05377599
-0.04153893
0.07367703
-0.02902255
-0.04446641
-0.06298068
-0.01985665
0.02717981
-0.18928713
0.12428226
0.02605487
-0.05920856
0.05800121
-0.10358959
0.16992489
-0.01653925
-0.00205960
0.02344983
0.07631557
-0.20663314
-0.09455054
0.08229000
-0.26447043
-0.11303475
-0.05212447
0.08732001
-0.10408153
-0.01961214
-0.09248970
-0.14041206
-0.22834530
0.05388314
-0.08214994
0.04450278
-0.11061130
0.03100115
-0.03518190
-0.15951128
-0.04909739
0.16551083
-0.02147364
-0.13380407
-0.19734187
-0.14410643
-0.00117136
-0.04097016
-0.15580428
-0.09093330
0.14266396
0.20882773
-0.22352108
-0.05481340
0.16991191
-0.02375015
0.14582142
0.09161435
-0.19674277
0.00653726
-0.20229255
0.08498238
0.08968666
-0.07381793
0.07059179
0.16416422
0.30225414
0.07788377
-0.21100137
0.01549120
-0.05965967
-0.01044044
0.08892896
0.09884795
-0.08774710
-0.07002506
0.03440872
-0.08151516
0.03308015
0.02878514
0.00749329
-0.06382553
0.03784877
-0.00605680
0.01623434
-0.09546029
0.03081984
-0.02822573
-0.02965727
0.01371208
-0.03892048
0.02054255
-0.05441175
0.01427167
-0.04432156
-0.04009341
-0.07549086
-0.01131126
0.04152976
0.01475475
0.02796131
-0.02262939
-0.01327725
-0.04683187
-0.01176835
-0.04679335
-0.04058116
-0.01273190
0.01797807
-0.04812483
-0.04910083
0.00047105
-0.04297506
0.01528622
-0.00267023
-0.10961728
-0.00151631
0.01667148
-0.06366136
-0.00078046
-0.07747295
-0.00447476
0.00326475
-0.02975093
-0.02039139
-0.05264162
0.01863065
-0.04332129
0.05054053
-0.07560815
-0.06116819
0.02425276
-0.04278026
-0.05399261
-0.01070915
0.02719815
-0.03704000
0.04248608
0.02278129
0.06126785
0.02574493
0.01523002
0.00994555
0.01146537
-0.04377216
-0.00989223
0.02871019
-0.00544250
0.00727869
0.00549235
-0.00436383
0.03615854
-0.01418455
0.09284810
0.03576075
-0.00168590
-0.03375501
-0.02351518
0.00360719
0.01345128
0.07271193
0.08232415
-0.02372328
-0.08361386
-0.06993125
-0.01679197
-0.02089675
0.02944355
-0.00739547
0.03229601
0.01544744
-0.00866221
-0.04909784
0.00756794
0.02293739
0.07275841
0.06597830
-0.02769386
0.01718255
-0.01474864
-0.01232839
0.06491426
-0.03103658
0.03055680
-0.01291781
0.00090121
0.00019994
0.01523437
-0.06668228
-0.10130893
0.01035369
-0.00999652
0.01442031
0.03241765
0.02470042
-0.04825173
0.01717824
-0.02332186
-0.03437642
-0.02558242
-0.03260988
0.07017030
0.03671983
0.00434064
-0.06976540
0.07740305
-0.03010787
0.04180121
0.00858336
0.00861834
-0.01708580
0.03467710
0.02518210
-0.05047611
0.10735738
-0.05242299
-0.00091611
0.08621995
-0.00097258
-0.00752867
-0.08544407
0.00888357
0.03774876
0.04682196
-0.03104758
0.00333420
-0.02669319
0.00381938
-0.00020367
-0.02214440
-0.03003907
-0.06004353
-0.04637966
-0.00402813
-0.02703639
-0.04459779
-0.00602021
0.01052193
0.05746321
0.02153414
0.05807214
-0.03418875
0.02765598
-0.02478589
-0.00907820
-0.02426202
0.04548283
-0.03555483
0.11293619
0.01560006
-0.07501527
0.01141297
-0.09521951
0.07326380
-0.01998094
0.03327688
-0.03532712
0.03787671
0.02475995
-0.01439845
-0.05981674
0.04974534
-0.01773774
0.01634371
0.00705400
0.02275689
0.02802587
-0.00177751
-0.05966404
0.03227625
-0.04513877
-0.06332359
-0.05329793
0.06245009
0.00954435
-0.06672607
-0.11402901
-0.05918942
0.00740456
0.00796600
-0.00422288
-0.00232915
-0.00021003
-0.01244432
-0.08238149
0.04883889
-0.02513480
0.03365351
-0.01713719
-0.07967126
-0.04324375
-0.00989201
-0.01715358
-0.01085848
0.05135313
0.04325237
-0.11326452
0.01461770
0.05794292
-0.05289051
0.05645015
-0.06440835
-0.03369338
0.04424001
-0.02768582
0.00863293
-0.05148176
0.05343125
-0.05402591
0.02825730
0.05050572
0.00517224
0.03853703
-0.09548247
0.02034811
0.01720216
0.03714255
0.00053009
-0.01658306
0.01664756
-0.07723570
-0.02355833
0.02524410
0.02625546
0.02543711
-0.02441277
-0.04499221
-0.00634098
-0.00208681
-0.06561279
-0.05654512
-0.01750594
0.04264838
0.02611848
0.00570841
-0.01000591
0.00224004
-0.01019877
0.04391013
0.00828729
-0.01253941
0.05822624
-0.00685712
0.04343914
-0.00947607
-0.02578628
-0.07597025
-0.01037976
0.00050730
-0.00382746
-0.01640697
-0.07617048
0.03523886
0.03529148
0.00287231
0.03106694
0.05439211
-0.13936959
-0.01629972
0.01176070
-0.01610469
0.02155649
0.04349570
0.04364697
0.01049759
0.00407620
-0.00019351
-0.02128854
-0.02665266
-0.06636462
-0.03676522
0.03009510
-0.10456696
0.01380489
-0.02539659
0.02682659
-0.03220431
-0.00938585
-0.04671097
0.11720490
-0.03464491
-0.00374968
0.07711761
-0.03373507
-0.06293531
-0.05664423
-0.03669632
-0.04893273
-0.03776064
0.02357781
0.01896250
0.08779933
0.02854599
0.03344630
-0.00985232
-0.00473817
0.01049311
0.03400713
-0.04191832
-0.01431580
-0.06266016
-0.01691865
-0.01604380
0.00862631
-0.03468833
-0.04887292
0.02849712
0.06893656
-0.00017807
-0.00093821
0.00913277
0.04587014
-0.00390556
-0.00129250
-0.02979528
-0.00965688
0.01660902
-0.02622425
0.00673776
0.00417959
-0.03032470
0.00668799
-0.03427710
-0.03835069
0.04974992
0.01329520
-0.00781871
-0.00698784
0.00784103
0.04995854
0.02320250
-0.02512375
-0.01049912
-0.06108223
0.05860376
0.04293330
-0.01413743
-0.02118978
0.01230401
0.00598054
0.02487491
-0.10071239
0.09779964
0.03809865
0.09589092
-0.00411008
-0.01785037
-0.07637774
-0.02988027
-0.04585296
-0.06337023
0.00117649
0.06240936
0.01189324
-0.09160670
-0.05001716
-0.03151617
-0.00913500
-0.04894562
-0.04714733
-0.04557059
0.01140089
-0.01202430
0.04993360
0.03874686
-0.01667047
0.04188581
-0.04282607
0.07170756
0.01938158
-0.00282356
-0.02107803
0.04383411
0.05838669
0.02144105
0.02633819
0.01022292
0.04300006
-0.05562199
-0.01653814
-0.01654705
-0.05243053
0.05093544
0.02920654
-0.00350062
-0.01992000
0.03245771
0.08936546
-0.02573740
0.02457837
-0.00884419
0.07806301
-0.00214204
0.01544358
0.01992493
-0.00717535
0.06656174
0.11034815
0.02987456
-0.08916026
-0.05019044
-0.02760627
-0.01249786
0.05964063
0.00011918
0.02301311
-0.11327609
0.02722051
0.01759534
-0.01130694
-0.01341345
0.08219972
-0.04343830
0.04273320
-0.00617240
-0.01560359
0.01803436
0.06707999
0.00742135
-0.04585719
0.01715541
0.00735008
-0.03397160
0.08884939
0.01849407
0.01995405
0.09107998
0.08172793
-0.05756680
0.02589365
0.09093948
-0.01946500
-0.01012635
0.03705143
-0.01927028
-0.07690775
-0.00697498
0.08748563
0.08809624
0.01262724
0.00844263
-0.08133164
0.03734495
0.09771309
0.05410457
0.00001819
-0.01662216
0.07589354
-0.06139927
0.00620839
-0.01586166
-0.01711674
0.02308584
0.07410847
0.00608126
-0.07941197
-0.03735492
-0.01209669
0.02987145
-0.04203980
-0.05949232
0.00699073
-0.03514152
0.01059521
0.06586327
0.01957504
0.02201465
0.00136420
0.01937348
-0.02114215
-0.03896407
0.02152911
-0.04931615
-0.01043253
-0.10064097
0.03783299
0.00727502
-0.01333746
-0.06204229
0.03457411
-0.10562821
