-0.04143345
-0.01196913
0.09124319
0.05712413
0.01140871
-0.05062117
0.09758797
0.06422653
0.10539751
0.04400839
0.04230430
-0.03287138
0.00711953
-0.07229856
-0.01188959
-0.04520246
-0.05611201
-0.01445338
0.07457887
0.07651241
0.03766976
-0.04893781
0.00855230
0.14033203
-0.08056895
0.00346841
0.06586288
0.04733682
-0.04315360
-0.00056899
0.04797043
0.09822036
0.05759227
0.02444365
0.00373147
-0.03308107
0.11262139
-0.11317074
0.01052770
0.01526604
0.07857064
-0.02163380
0.02794610
-0.07106085
0.11901401
0.10829732
-0.05133021
-0.00712894
-0.04466335
-0.00008683
0.02267670
-0.05998779
-0.03413833
-0.06784500
0.04292909
-0.07588656
-0.05727088
0.06372330
0.04308422
0.08200365
0.03997898
-0.02095263
0.00720044
-0.05128137
-0.03204241
-0.01012069
0.04373827
-0.11185928
0.06830774
0.11790394
-0.05907847
0.01291354
0.04729982
-0.05817806
0.05470493
0.02567767
-0.08229037
0.10259316
-0.07672481
0.08752710
-0.04656709
0.05378759
0.05575220
-0.05381797
0.03613211
-0.12891737
0.10999630
0.10893545
0.03404950
0.02265287
0.03744595
0.02281138
-0.00206958
-0.00042020
0.08533085
0.13402425
0.13702103
0.01301386
-0.05970356
-0.04620685
-0.06602192
0.02816499
0.05207377
-0.02040580
0.00591432
-0.11870543
-0.07446565
0.02686423
-0.07330487
-0.00216193
0.06786974
0.00378591
-0.04153990
-0.04270535
-0.02884577
0.00575424
-0.00885334
0.02771707
-0.02087574
-0.02105295
-0.03698288
0.10439827
0.09340096
0.03994751
-0.04845997
-0.04346913
-0.06927840
0.03919455
-0.04362388
0.12814935
0.11652888
0.03883818
0.00839229
0.06342658
-0.02429491
-0.04001790
-0.09779762
0.02139174
-0.14908910
-0.02589660
-0.07965177
0.12479357
-0.00871635
0.03242835
-0.00189999
-0.14813901
0.01974975
-0.06497735
0.05072073
0.01888085
0.03127705
-0.00642826
-0.10117340
-0.10414675
-0.05269939
0.08011877
0.03885853
0.12469724
-0.00825248
0.00016656
0.03495808
0.08383378
0.04860788
-0.04412540
-0.00266554
0.04304719
0.06349774
0.04626089
-0.04854691
0.02684630
-0.01079538
-0.01044322
-0.04753421
-0.05939753
-0.00272446
-0.04850553
0.03897692
-0.02578203
-0.07748798
-0.05265363
-0.04853623
-0.01138024
-0.01988147
0.09944744
-0.05761349
-0.00564313
0.00873801
0.00626430
0.14780316
-0.00376766
0.00172370
-0.02667873
-0.01370299
0.05044382
0.01413720
-0.07865545
0.12162312
0.07319970
0.02987115
0.01417007
0.10462661
0.01338375
-0.09197558
0.08879042
-0.01956236
-0.04774422
0.00442946
-0.00092629
0.05227332
0.09563754
-0.05289303
-0.02622057
-0.00531058
0.00120177
0.06179926
0.01541330
0.03042800
0.09010901
0.01268748
0.04164633
0.03726121
-0.02957228
-0.05537279
-0.03761828
0.04542074
0.07700148
-0.04188676
0.04162144
0.02959387
0.08568157
-0.01268184
-0.05597189
0.04442412
-0.06490152
-0.02378607
0.05627913
-0.01176708
0.04432040
-0.07247988
0.01926671
0.05427282
-0.08219861
0.08967588
0.07708357
-0.00058129
-0.07758282
-0.06252791
-0.09269307
-0.13599829
-0.09729403
-0.14471559
0.00805523
0.09435402
-0.08892062
-0.01924657
0.07216979
-0.05271193
-0.06152395
-0.04870389
-0.02614665
0.03043048
-0.15590307
0.06644146
0.06403137
-0.02783469
0.04225575
-0.07251736
0.14049764
0.01253496
0.02678420
0.03274586
0.04971787
-0.22708111
-0.06855406
0.10626974
-0.26469174
-0.11984428
-0.05895951
0.06567170
-0.10000060
-0.04512594
-0.10014350
-0.20522885
-0.24243489
0.06115136
-0.04328850
0.00777517
-0.06734645
0.03267071
-0.04000727
-0.17867544
-0.06784547
0.12841398
0.01520105
-0.08987537
-0.22977406
-0.15862562
0.00637494
-0.02719001
-0.17160115
-0.13127451
0.13378514
0.21985784
-0.24455713
-0.04036071
0.16629496
-0.03577002
0.13793918
0.03060236
-0.19417045
-0.01432648
-0.21709804
0.09963784
0.08596714
-0.07604381
0.08546981
0.12166896
0.29861650
0.07318798
-0.20237863
-0.00313245
0.00752263
0.01888372
0.09301065
0.00449107
-0.01904439
-0.10335876
0.03651620
-0.03703260
-0.04249422
0.04647727
-0.00952475
-0.02255310
0.06855687
0.07424078
0.02572368
-0.08361596
0.04096400
-0.02559576
-0.05208706
0.03397090
0.03475532
0.07346108
-0.06258085
0.00199993
-0.00941821
0.00868485
0.03342014
-0.00962518
0.07746775
-0.01984528
0.02282864
-0.05575941
-0.01571439
-0.02996921
-0.01503646
-0.02153267
0.01914956
0.04453839
0.07364900
-0.01791674
-0.01112448
-0.00635065
-0.06277357
0.02570029
0.02675794
-0.12155329
0.03862264
0.00719933
-0.02991787
0.05840522
-0.03824268
0.11239643
-0.04010360
-0.05135702
0.03606866
-0.02503701
-0.00165955
-0.00512286
0.06067878
-0.00625741
-0.02122088
0.01271972
-0.03270057
-0.08949053
0.00538167
0.05404785
-0.05596837
0.04050913
0.01912930
0.04722207
-0.00010559
-0.02497957
-0.03466024
0.04309295
-0.06515926
0.04947861
0.08096381
-0.00325676
-0.01634204
-0.07450844
0.01862869
0.07686573
-0.01521003
0.06298016
0.05433732
-0.05226109
-0.03389854
0.04808016
-0.00363413
0.04016323
0.01339213
-0.01696031
0.00089820
-0.02535469
-0.01098245
-0.02240664
-0.00232144
-0.01544063
-0.03356202
-0.03516398
0.02018446
-0.03663557
-0.08773977
0.05692070
0.00289059
0.01048215
0.06298635
-0.00171404
-0.00502985
-0.00717748
-0.01330681
0.01946878
-0.03071836
0.02745406
0.01864783
0.03807625
0.03892162
-0.01378916
-0.03874054
-0.07173926
0.05998706
0.04369155
0.06302352
-0.05202038
0.03727943
-0.00949836
0.07347396
-0.11084214
0.01901618
0.01852246
0.02666524
0.06546877
0.02064233
-0.03986495
-0.01828974
0.06437664
-0.02187399
-0.02665664
-0.03638179
-0.00245550
-0.04591228
0.09728207
0.07318148
-0.00133109
-0.03421174
-0.02715202
0.02326780
0.05204997
0.03242241
-0.03077322
-0.06381368
0.03551864
0.03753092
-0.00653777
-0.03076519
-0.04380722
-0.02035701
0.05206577
-0.02354782
-0.04025804
-0.04160965
-0.02959876
-0.02037776
0.00754033
-0.00606641
0.00352017
0.00323486
-0.02450116
0.08068038
-0.01453596
0.08590139
-0.04724437
0.05996680
0.02455360
0.02448911
-0.03638335
0.08330078
0.00161435
0.05617867
0.08277756
-0.05215521
0.00519416
-0.02634069
0.04347816
-0.07187635
-0.01771141
-0.03583378
0.07650723
0.09173989
0.02915035
-0.05088193
0.00352707
-0.02147346
-0.02397699
-0.04214710
0.05906061
-0.02766245
-0.03764660
-0.00104109
-0.00202159
-0.08272884
-0.00339009
-0.03691690
0.00476202
0.03920043
-0.06237476
-0.10295524
-0.04824203
0.03300044
0.00868584
0.04664954
-0.06311461
-0.00399295
0.04142440
-0.01936023
0.05791266
-0.01899106
0.07257660
0.02048267
-0.05046429
-0.02619199
-0.05981899
-0.04232878
-0.02220328
0.04232492
0.05179413
-0.08921193
0.00951960
0.03769641
-0.00586568
0.05456626
-0.03295400
-0.03253349
0.03601529
-0.03028466
-0.01820450
-0.06492808
-0.00660006
-0.03025142
-0.01607361
-0.02404645
0.01044282
0.01287355
0.00631899
0.04352048
0.02517167
0.00610710
-0.00705186
-0.05708916
-0.03612226
-0.04473080
0.01536362
0.07326689
0.07130613
0.02284538
0.03921394
-0.00838621
-0.02283325
0.03966491
0.00088905
-0.03511954
-0.02999255
-0.02031110
-0.02758865
0.01149491
0.03953899
-0.03996450
0.03980586
-0.00292615
0.00063437
0.02487985
0.02493020
-0.06419874
0.04115435
0.05963287
-0.02016998
-0.06308448
0.04987264
-0.01823642
-0.02033966
0.05835631
-0.07323432
0.02007288
0.04011851
0.00526366
0.07028554
0.03198625
-0.05484643
0.00269258
-0.01725089
0.02654225
-0.01640595
0.02347439
0.00734340
-0.00154344
0.01083588
-0.03874102
0.07513341
-0.03156840
-0.04549950
-0.04455190
-0.02551499
-0.11904057
0.09072953
-0.03656677
0.09690487
-0.03732857
0.01969227
-0.02611647
0.10646639
-0.01641423
-0.03823249
0.01647327
-0.03961114
-0.03235669
0.00508354
-0.04794188
-0.02045767
-0.00571511
-0.06650474
0.08212609
0.04186423
0.03250793
0.04800664
0.02024538
-0.06099840
0.06559121
0.04531060
-0.04163557
0.00248492
-0.02202030
-0.00325150
-0.04747419
0.01039872
0.01329263
-0.05477006
0.00418411
0.05306268
0.07005952
-0.01111966
-0.00677310
-0.00651495
0.03801022
-0.00534300
-0.05650996
0.00286487
-0.01145751
-0.00376319
-0.08003675
0.05291289
-0.05966681
-0.04451611
0.02975056
0.03212030
0.04863929
0.03863576
-0.07502735
-0.03376077
0.02223620
0.09200422
-0.00843885
0.06972091
-0.03025788
-0.02389472
-0.01853507
-0.02283997
0.04545814
0.02272614
-0.04539375
-0.01769836
0.02272190
-0.05483528
0.00590350
-0.01118674
0.07455423
0.02690207
-0.02798147
-0.01864798
-0.03003201
-0.04522582
-0.09292568
-0.02949071
-0.00724044
0.01554201
-0.03737206
-0.05583869
-0.00332555
-0.00716544
-0.01810407
-0.02969168
-0.01012908
-0.02366960
-0.02301932
-0.03598444
0.05221302
0.02610760
0.03810932
-0.01976249
0.02296166
0.07524085
0.02968666
-0.00437712
-0.01497710
0.11239027
0.03328783
-0.02165246
-0.00337466
0.01957767
-0.00515573
-0.04081594
-0.06362538
0.04214368
0.01211016
-0.02018495
0.00568121
-0.00160458
0.00868852
0.07605425
0.03749437
0.03018230
0.00562132
0.01269448
-0.00285133
0.01400603
0.06753042
-0.04749681
0.04051742
0.00189243
0.03549368
-0.04777391
-0.06986938
-0.07356586
-0.04587232
-0.02097634
-0.02392964
-0.01404569
-0.03388242
0.02050850
-0.04703992
-0.01707302
0.05368470
0.10121816
-0.09233724
0.05971166
0.04582262
0.01982907
0.08942930
0.02415104
-0.02337510
0.01212361
-0.01415038
0.06133836
0.04939684
0.07454994
0.01813746
0.00052235
0.05210090
0.05106121
-0.10246269
-0.00035446
0.06938330
-0.07090465
0.04135518
0.05265249
-0.01284061
-0.03498835
0.00594431
0.06566872
0.12713982
0.04121206
-0.02863665
0.05597206
0.07376958
0.07993069
-0.01935608
0.00667556
0.03386661
0.01504120
0.00086198
0.01382488
-0.11217226
0.03803088
0.02433603
0.04063727
0.04756564
-0.03455439
-0.00031661
0.00822734
-0.04961605
-0.04152102
-0.02823287
-0.00725948
-0.03601487
-0.01923490
0.00192216
0.08049134
-0.00818800
0.01540675
0.08968905
-0.04154951
0.01132947
-0.04454171
-0.01574421
0.02001661
-0.05653984
0.04988386
0.00652844
0.01541335
-0.07204166
-0.00427242
-0.03471482
