-0.04458320
0.02628410
0.11613023
0.05761628
-0.00843408
-0.03241541
0.14955582
0.05884364
0.12967741
0.03759592
0.03748517
-0.09239682
0.04207925
-0.07123258
-0.00944651
-0.06766871
-0.06840532
-0.03457948
0.07557484
0.07451467
0.02780182
-0.06622916
-0.03174026
0.12908933
-0.07278288
0.01517712
0.01406049
0.03711142
-0.02557852
-0.05460811
0.06641814
0.10556401
0.04706098
0.03403451
0.03686022
-0.00856887
0.06915068
-0.11157304
0.02959954
0.04133231
0.06506722
-0.04916980
0.02761388
-0.04539841
0.11384235
0.09220793
-0.04618806
0.01185860
-0.02314540
-0.04458745
0.05108530
-0.06125526
-0.02724970
-0.06866691
0.04230216
-0.08792775
-0.06067542
0.00851927
-0.01616222
0.06784789
-0.03014611
-0.00222274
0.03048771
-0.01124808
-0.06465652
-0.00471686
0.04773893
-0.13749306
0.02611036
0.13801192
-0.09985115
0.01694897
0.00596283
-0.01078739
0.05423227
0.02908312
-0.01319374
0.06374274
-0.08993895
0.09817802
-0.02597130
0.03251301
0.05938523
-0.04261156
0.01565224
-0.09986126
0.09558353
0.10782158
0.04251337
-0.01740572
0.01649364
-0.00602725
-0.01172474
0.02447061
0.10913806
0.10666672
0.09104320
-0.00105896
-0.07799318
-0.04970976
-0.06392749
0.06555909
-0.00490439
0.01329086
0.04914261
-0.11313174
-0.08663701
0.00992790
-0.10326869
0.00361451
0.02873894
-0.01943215
-0.04310541
-0.07461105
0.01542703
-0.01756828
0.02252150
-0.00839453
-0.03356520
-0.02020144
-0.05751424
0.11467779
0.03914199
0.03169172
0.00172163
0.02892006
-0.06324266
0.07415182
-0.02957996
0.11981782
0.07980596
0.02574577
-0.01076409
0.08620656
-0.03927435
-0.07094373
-0.08631730
0.04740993
-0.08051168
0.03043225
-0.07467707
0.09930871
0.03853770
0.04182535
-0.06732636
-0.15262674
0.04962658
-0.02569261
0.05126286
0.03456734
-0.05405059
0.00352582
-0.09652200
-0.12365519
-0.08060126
0.09818675
0.03483803
0.14078493
-0.01317001
-0.05025192
-0.00344501
0.05847893
0.03949387
-0.06314184
-0.02271474
-0.00553985
0.06253918
0.05642052
-0.07298748
-0.04635306
0.02253498
0.01586335
0.00029921
-0.07337555
0.04681820
-0.07134165
0.07452866
-0.01593246
-0.05555312
-0.04729440
-0.02232651
-0.04746632
-0.04279356
0.13814896
-0.03110686
-0.01032177
0.06418834
0.04730832
0.08708157
0.01204940
-0.03809015
-0.02959014
0.00231929
0.04406045
0.05312253
-0.09237906
0.10395050
0.07185870
0.01869063
-0.01467258
0.10741284
-0.00112441
-0.09340760
0.09764321
-0.04516181
-0.00207502
-0.00240833
0.00660763
0.04918018
0.09934926
-0.01446838
-0.08486108
-0.00435494
-0.02924730
0.07608169
-0.00919492
-0.00543316
0.08843726
0.01060402
0.01642038
0.01695815
-0.04749498
-0.06354763
-0.12234182
-0.00236818
0.06645746
-0.04519570
0.09316158
0.00970336
0.05253850
0.01152742
-0.04076903
0.05820147
-0.02857615
0.01235818
0.06789873
-0.04689258
0.02840324
-0.08048930
0.06569336
0.06223648
-0.06601912
0.06040967
0.07198462
-0.02008654
-0.12447238
-0.02695668
-0.09823106
-0.11865236
-0.07122494
-0.08931812
-0.01888107
0.06992363
-0.04771728
-0.04206661
0.07470561
0.05406093
-0.05531437
-0.07874081
-0.07262860
0.07207227
-0.17054985
0.04999929
0.07402569
-0.02188787
0.11261355
-0.11459547
0.13533755
0.07508523
0.03705796
-0.01337372
-0.06798401
-0.25158480
-0.07025767
0.08924573
-0.27797878
-0.14660200
-0.09454430
0.08564914
-0.00488418
0.03616594
-0.12145259
-0.16296338
-0.16454160
-0.01095062
0.00989122
-0.01110790
-0.08916986
-0.05679344
-0.12135255
-0.22974721
-0.07457015
0.14060166
0.08095389
-0.06511600
-0.15940025
-0.09774256
-0.01495541
-0.01732447
-0.18296500
-0.11875594
0.11622885
0.21190165
-0.26325008
-0.08860441
0.14238055
0.02570516
0.12028285
0.04692813
-0.12792747
-0.02078888
-0.13760991
0.15463527
0.13175890
-0.06109218
0.08843649
0.06195930
0.35924199
0.02187819
-0.17203948
0.01346393
-0.01815833
0.03025342
0.09737484
0.04971461
-0.07844640
-0.06607340
0.06244254
-0.06564998
-0.01458289
0.03235424
0.00611515
-0.10617796
0.01796956
0.00975571
0.00788324
-0.12282885
0.03516796
-0.01280044
-0.00728112
-0.02607553
-0.02138234
0.01886874
-0.05589987
-0.03073589
-0.04405051
-0.02046533
-0.04080435
0.05094500
0.04185390
-0.03728291
0.01911977
-0.06779248
-0.03487341
0.00877641
-0.04208500
-0.06059626
-0.02537998
0.02376696
0.02514607
0.01622318
-0.04853790
-0.06748842
-0.04733019
0.04979562
0.04594588
-0.10350242
-0.00041952
0.00481960
-0.00360799
0.02022383
-0.08204457
0.08107764
0.00439404
-0.01153720
-0.00915724
-0.04344973
-0.00666952
-0.01293390
0.02403552
-0.08424142
-0.05080749
0.01617682
-0.10844204
-0.08257652
-0.01392970
0.03261555
-0.07272384
0.02734415
0.03305763
0.02047587
-0.01659505
0.03110219
-0.01376151
-0.01561390
-0.06652550
0.00043371
0.05226246
0.02519779
0.05579677
-0.03152443
-0.00674632
0.06148751
-0.00777748
0.07181835
0.05737028
-0.02768109
-0.02551756
0.01689484
-0.02611467
0.00609547
0.08014021
0.04688756
-0.01587462
-0.05643686
-0.03214399
0.03672907
-0.04023850
0.02033766
-0.01919500
-0.00495563
-0.00387134
0.00572042
-0.05692437
-0.00577820
0.03259081
0.04866255
0.06161524
-0.04299303
0.01741207
0.00869610
0.02094679
0.06888412
-0.05108963
-0.00677044
-0.01582647
0.03844637
0.00639891
-0.00156029
-0.03757969
-0.07726867
0.04551436
0.00821488
-0.00907056
-0.00757164
0.07522935
-0.02777404
0.05235877
-0.03929028
0.00938949
-0.01143757
0.00569071
0.11059944
-0.00024901
-0.03770760
-0.04053722
0.06794908
-0.02390720
-0.00589997
0.01072650
0.00312862
-0.01008482
0.03533657
0.02827393
0.00698815
0.01548588
-0.08046365
-0.03225039
0.08332192
0.00483407
-0.01453439
-0.01999107
0.03632129
-0.01576899
-0.02157693
-0.04899616
-0.00752406
0.01862984
0.03320362
-0.03410297
-0.07149658
-0.04576241
-0.04702428
-0.00659699
0.05329026
-0.00759938
-0.00173445
0.03966307
0.01046816
0.09051834
-0.00085688
0.10060149
-0.08314341
0.04985921
-0.02660002
-0.01228861
-0.00499233
0.04974891
-0.02143292
0.13548854
0.04242633
-0.06278392
-0.02876410
-0.06444860
0.04944490
-0.02122489
-0.00610810
-0.03466374
0.00897560
0.06008629
-0.01167104
-0.04623900
0.07797399
-0.02401823
-0.00266741
0.00650329
0.03752406
-0.01737184
-0.02737243
-0.05223031
-0.00272730
-0.05976423
-0.05646379
-0.04718107
0.02750780
0.03057775
-0.05593874
-0.13329747
-0.03383929
0.04031430
0.04228763
0.00186251
-0.02703685
0.00537633
0.00498324
-0.04853937
0.08565909
0.01500732
0.03245512
0.01277915
-0.04641753
-0.04263185
-0.03662628
-0.00018454
-0.08553682
0.04984099
0.04278894
-0.10530794
0.02248262
0.03297729
-0.00359056
0.05113778
-0.01559870
0.01004359
0.02724121
-0.05009058
0.01287917
-0.02846094
-0.01550017
-0.06964379
0.02232734
0.06363489
0.02493629
-0.01321811
-0.01645990
0.00546604
0.02147097
0.01806497
-0.00440791
-0.02746577
0.01724655
-0.06295519
0.03065025
0.08139785
0.02487909
0.02402057
0.00851347
0.00410547
0.00671002
0.03582542
0.00871614
-0.07514965
-0.01711570
0.00021950
-0.00728752
0.00616376
0.00513027
-0.03324865
0.02151646
-0.00475038
0.02479570
0.04092060
0.01178245
-0.02353377
0.01760138
0.02918389
-0.05008407
-0.07156867
0.01729755
0.00680410
0.03105245
0.01015227
-0.07169604
0.05154473
0.03325332
0.00913166
0.06266433
0.03382695
-0.11339898
0.00247185
0.02456244
0.00811941
-0.00907262
0.00658342
0.05147132
0.04332101
-0.00094759
0.00001683
0.01023059
-0.04863667
-0.05458960
-0.04315367
0.01710706
-0.08788690
0.04402225
-0.03581772
0.08695984
-0.04555340
-0.01197171
-0.05799767
0.09660604
-0.00672237
0.00692005
0.04078951
-0.05053384
-0.02441786
-0.01580275
-0.09253463
-0.05906057
-0.03230503
-0.03838612
0.00413004
0.08514825
0.01825180
0.00899110
0.00907627
-0.06979220
0.03822634
0.10040452
-0.02597442
-0.00160698
-0.05789687
-0.00879949
-0.02106649
0.00344713
-0.05419045
-0.05535507
0.03949021
0.04563999
0.05105507
0.00045446
0.00545355
0.00008535
-0.00763512
-0.03811255
-0.02279032
0.01725346
0.02500289
-0.02727761
0.00398087
0.01933197
-0.03646653
-0.01184950
-0.01413982
-0.00271625
0.03375842
0.01201618
-0.04360078
-0.01022231
0.03278407
0.08394875
0.02981398
0.04635253
-0.04501989
-0.01652361
0.01377410
0.01701537
0.02254355
-0.01055152
-0.01074304
-0.00879708
0.00947394
-0.08315693
0.02831909
-0.02372686
0.08992393
0.02581187
-0.01191188
-0.01704638
-0.07656413
-0.00229018
-0.08766607
-0.00750466
0.04546155
0.03869241
-0.07821960
-0.09694885
0.00278384
0.00546015
-0.05536287
-0.01678731
-0.05437862
-0.02361694
-0.04932411
0.03112023
0.07235797
0.04319650
0.06973853
-0.04849892
0.05635601
0.03824851
0.04937774
-0.01502886
0.02476291
0.07284185
0.00197003
-0.00542769
0.02520299
0.05718473
-0.03573503
-0.03944049
-0.06149945
-0.02362423
-0.02296262
-0.01476272
0.01372553
-0.01005752
0.03678494
0.07354055
-0.01112262
0.03100746
0.00362088
0.03507331
0.03642609
0.02789878
0.02628283
-0.01732457
0.06227697
0.04996541
0.02452561
-0.08693316
-0.07233620
-0.04571022
-0.01802645
0.05000164
0.01505102
0.02797397
-0.04923697
0.04648089
-0.04296024
-0.02195932
0.02002790
0.09857599
-0.08097870
0.02179197
0.01372061
-0.02785359
0.04658042
-0.00469913
0.00274833
-0.01191049
-0.02652250
-0.00140512
0.03042343
0.04453234
0.00088063
-0.01625225
0.08747640
0.03920974
-0.08819216
0.01528515
0.07851311
-0.00755410
0.04289246
0.03829907
-0.05353360
-0.05404930
0.00755831
0.06077280
0.07509610
0.04675585
0.01358368
-0.01092595
0.02278215
0.08093906
0.02331819
0.00074206
0.01473803
0.03458887
-0.02186370
-0.04324275
-0.08165635
0.02060523
0.05628870
0.07348020
0.03734364
-0.07360338
0.00091740
0.02108797
-0.00825588
-0.03131686
-0.05515794
-0.00829572
-0.01466477
0.00907734
0.06616832
0.06730303
-0.00241660
0.03060446
0.04986516
-0.02309357
-0.02463248
-0.04489347
-0.05612058
0.02444891
-0.12627693
0.08854381
0.02745549
-0.05800078
-0.08525207
-0.00851769
-0.05695513
