-0.01882839
0.01566251
0.02080680
0.02721317
-0.03017123
-0.01564154
0.05048005
0.01436414
0.06148475
-0.05621132
-0.09028679
0.04300215
0.08944044
-0.02271460
-0.05497320
0.11228132
0.01675293
0.02050284
0.08106856
0.00194532
0.07193884
-0.04026306
0.14953449
0.09114105
-0.06253317
-0.06200342
0.10774589
0.00947187
-0.06824737
0.11207971
-0.00965948
0.02134070
0.05760187
0.01172206
0.03575587
-0.01149139
0.11814001
-0.12205498
0.02317629
0.02042020
-0.07213894
-0.02783931
0.02891810
-0.11247809
0.08327556
-0.00246807
-0.01755714
0.03628082
0.01152740
0.05894768
0.01821017
0.04227666
0.03144328
-0.03888877
0.01207083
-0.04497500
-0.08065719
0.00153691
0.08925161
0.02369157
-0.00633821
-0.08136026
-0.09321033
-0.09187350
0.09361683
-0.12989999
0.01827831
-0.03587813
0.10366905
-0.02111294
0.06437351
-0.06382314
0.08840989
-0.03270040
-0.06203429
0.06540357
-0.11406604
0.04338875
0.03553987
-0.00833826
-0.08479104
-0.02554627
0.06257594
0.01908493
0.09081300
0.01477644
0.17622571
0.01191477
0.05574399
-0.05904286
0.07174864
0.02076832
-0.04074140
-0.01284853
0.07528714
-0.08112587
0.09060346
0.04887731
-0.02173142
0.03961045
0.01392984
0.05210173
-0.00358913
-0.12916857
-0.11364909
-0.04194274
-0.07034224
-0.03882195
0.01446563
0.07429560
0.01264090
0.02862966
-0.06714544
0.05727630
-0.06439165
0.03698101
-0.03259345
-0.09458220
0.01366711
-0.01816873
0.00180556
0.09977078
0.12552059
0.03836705
-0.08481624
-0.04972289
0.12670814
0.01664623
-0.08962562
0.00734414
0.16597870
0.10518394
0.02835052
-0.01846097
0.09545475
0.02526896
-0.05547317
-0.00361141
-0.07855404
0.06266000
0.00046757
0.12852639
-0.12274550
-0.05041136
0.01422772
-0.10799354
0.00044308
0.05709099
0.01123498
-0.06660289
0.03918857
0.00038376
-0.09560742
-0.05334098
0.05403764
-0.00777827
0.00427712
0.10343496
-0.06630281
0.01453481
0.05606844
0.04521561
0.00050839
-0.05509131
0.05933962
-0.07659145
0.05505358
0.10024988
-0.06109545
0.09555615
-0.04337413
-0.01463092
-0.01784727
-0.01394922
-0.02259223
-0.00628123
-0.02579496
0.04717496
0.08617396
-0.08064844
-0.07849768
0.03143061
-0.00586483
0.02706312
0.06615810
0.07039138
-0.12381333
-0.07851116
0.06143991
0.05834922
0.03971712
-0.05054884
0.05938499
-0.05053587
-0.04481216
0.00274275
0.09917212
0.06326886
-0.05273881
-0.03863265
0.04525716
0.00966877
0.07883205
0.00489189
0.02901300
0.03824014
0.04895012
-0.05396038
0.00143851
0.09032758
0.02234813
0.07667200
-0.05059980
0.04167466
-0.04730833
-0.03844715
-0.02593623
0.00178198
0.09703202
0.01675644
-0.03851518
-0.07970595
0.00384352
0.11876102
0.07702782
0.04995483
0.00082636
0.03605092
0.03004021
0.04465764
-0.00529197
0.00621120
0.08760528
-0.07488078
-0.07706422
0.00218104
0.03960202
-0.06479561
-0.01339351
-0.07381492
-0.08079880
-0.00019029
0.07695222
0.07419059
-0.00405500
0.06271503
-0.03435442
0.07346880
-0.09474434
-0.01896662
-0.06021527
0.09477702
0.00407902
-0.02370504
0.04805705
-0.02427396
0.09060855
0.05798584
-0.14495137
-0.03630502
0.08856578
-0.18662558
0.01443400
0.16520049
-0.01873423
0.10837860
-0.13409866
0.05795049
0.14937235
0.02628654
-0.17022620
-0.09554394
-0.33318296
0.03812297
0.16944285
-0.20342290
-0.09449025
-0.00704013
0.00073375
-0.03190545
0.01007277
-0.02507881
-0.11053517
-0.16871740
-0.15026972
-0.01782668
-0.01756050
-0.02319020
-0.14475974
-0.16438058
-0.25703117
0.03495234
0.11128967
-0.01726145
-0.01789584
0.01006768
0.10582300
0.06923191
-0.02350432
-0.00253586
-0.01361933
-0.03511325
0.05120381
-0.33530554
-0.20166191
0.04262202
0.05153289
0.04738925
-0.09979852
0.01336331
-0.04499525
-0.14337899
0.18801491
0.07911237
-0.05388027
0.10271931
0.06291118
0.35730308
0.03667789
-0.11892378
0.00355217
-0.02824477
0.09298843
0.01169389
-0.06769387
-0.01253637
0.05509087
-0.03031727
0.00359458
0.01406534
0.06290248
0.07046337
-0.08326239
0.03777515
0.02802045
0.06992804
-0.08278693
0.02965682
0.01701032
-0.02715394
0.01104420
-0.01816403
0.00684498
-0.01772564
-0.07196540
0.03136432
0.02966717
-0.06735372
0.04617469
0.04666686
-0.00467449
-0.01612666
-0.05500633
0.01706283
0.09372514
-0.02266736
-0.04922719
-0.04992879
0.01214504
-0.00013488
0.08542661
0.08992415
-0.07201272
-0.01008063
0.07296636
0.06743528
-0.00692600
0.01940243
-0.02081902
0.04951346
0.03886410
-0.03467561
0.05572010
0.04229860
0.00835524
0.08976416
0.05735989
0.00960099
0.02622103
0.04212172
-0.07158284
-0.01636355
-0.00581402
-0.03227908
-0.01336130
0.02517474
-0.02141812
0.00148186
0.03583696
-0.04965726
-0.02127523
-0.01296424
0.06575646
0.03509630
-0.04353376
-0.08920933
0.04210715
0.02972931
0.04617970
0.09149832
-0.04623596
-0.02074323
0.01057392
-0.01466725
-0.05792006
0.07545106
-0.03972340
-0.00885455
0.00223405
0.02242406
0.02601697
-0.06275305
-0.03915574
-0.01626967
-0.01588164
-0.05472529
0.04393956
0.02598847
-0.00709782
-0.02328827
0.00508158
-0.03192206
-0.04824289
-0.06202988
0.03623938
-0.01964317
0.01374516
0.03671832
0.04643109
0.07957409
-0.01457259
-0.05857579
0.07066829
-0.01478845
0.00660465
0.02085215
0.01568626
0.05268481
0.01354473
0.09326138
-0.05272663
0.03356196
0.00772918
-0.04036137
-0.01908691
0.01844848
-0.04488699
0.04450405
0.00904255
0.02135643
-0.00826597
0.06558422
-0.01756564
-0.04020274
-0.06203842
0.00693158
-0.00371502
-0.06663780
-0.06080665
-0.02355349
-0.06582260
-0.04321877
0.02299413
0.03755575
0.07444205
-0.05471677
-0.00521732
-0.04372270
0.06818539
-0.03656768
-0.06299876
-0.03972109
0.02703158
-0.02361142
-0.03242230
0.02503390
0.01786118
0.02282653
0.06496254
-0.04270450
-0.05509134
-0.02375648
-0.03583996
0.00916658
0.04059123
-0.01442002
0.06302887
0.05427098
0.03273626
0.06218806
-0.01905355
0.10893679
-0.05904916
-0.01513725
-0.06844126
-0.02762120
0.03838971
0.01272671
-0.02031676
0.06141380
0.06682405
-0.04387912
-0.00339614
0.02831084
0.01678813
-0.01838877
0.00125364
0.00269457
-0.00824559
0.08254840
0.00656587
0.01238240
0.06417074
0.00431046
0.03344746
-0.03769524
0.08323286
-0.03984475
-0.00532799
-0.06808510
-0.04968404
-0.02207113
-0.00507941
-0.01207044
-0.04831457
-0.04593864
0.00369155
-0.09014376
-0.00763252
0.02322345
0.07321660
-0.06402479
0.01498129
0.01644683
-0.03567706
-0.01854491
0.03766454
-0.00681261
-0.01854325
0.09098688
-0.00902529
-0.03374083
-0.05396950
-0.03035625
0.01763654
0.03002320
0.04459831
-0.00575411
0.04838765
0.01979188
0.07799522
0.01798679
0.03997551
0.00777484
-0.00354298
-0.01937019
0.00744608
-0.06186759
-0.00132165
-0.08071778
-0.01750813
0.01412994
0.06921770
-0.00211757
0.01132797
-0.00501320
-0.00098467
-0.06329674
-0.03653413
-0.05225281
0.06692868
-0.03818043
0.01985208
0.04457931
0.05013815
0.02981902
0.00950630
0.05054826
-0.00737915
-0.01925769
0.04730327
-0.10234407
-0.02935416
-0.06934295
-0.03013208
0.01237116
0.02775036
-0.02923290
-0.01689259
-0.03357966
-0.01469153
0.10101931
-0.01143346
-0.04044012
0.02451932
-0.01068566
-0.05295084
-0.01570416
0.01736842
0.04595596
0.04895611
0.07014555
-0.09905389
0.07144971
0.03198616
-0.07180596
-0.03098865
0.01368460
-0.03013759
-0.02081496
-0.00124225
0.05032061
-0.03789659
0.02424178
-0.05021722
-0.05377555
-0.00764466
0.01544992
-0.01649957
-0.01361263
0.02590721
-0.00007708
0.04301988
-0.04527790
0.03078598
-0.02691204
0.06745125
-0.02744652
0.02012974
-0.04717399
-0.01770009
0.03907320
-0.01962486
0.02138973
-0.03286106
0.02918545
-0.01334133
-0.07222100
0.01978159
0.03494023
-0.08183355
0.00661429
0.04005915
0.03797233
-0.02128836
-0.05441630
-0.06888484
0.05303907
0.06564589
0.02056939
0.03734281
-0.02514734
0.02787082
0.00134982
0.03187074
0.01120006
-0.05985874
0.01247843
0.02023959
0.08204421
-0.07043549
0.04497033
0.01837521
-0.00091408
-0.08858868
-0.04671250
-0.02314876
-0.00277459
0.00489743
-0.03032894
-0.01224435
0.07634024
-0.01332975
0.01132232
0.00618779
0.04219234
-0.01165984
-0.06900737
0.01275669
0.03000589
0.04725399
0.06584886
-0.01230220
-0.04038971
0.01904611
-0.02169645
-0.01603922
-0.03542027
0.03004098
0.02236811
-0.04038402
0.04631034
-0.12229636
-0.04934974
-0.01488478
-0.01806260
0.02336667
-0.04059121
-0.01268034
-0.03811851
0.05244925
-0.04355836
-0.01496826
0.00785166
0.01700170
-0.00980639
-0.05361759
0.00800051
0.07221711
-0.02785194
-0.03502223
-0.00962226
-0.01531128
-0.06995410
-0.01700065
0.07995100
0.09985275
-0.02027260
0.00731470
0.04337442
0.04862212
0.04975283
0.04334521
0.02353800
0.03498043
0.01393571
-0.06021197
0.06207326
0.06408794
0.07762678
-0.05766134
-0.04342775
0.00994319
-0.04803078
-0.05896489
0.05979212
-0.00572022
0.04893952
0.02582343
0.03080339
-0.02625730
0.02681915
-0.08218145
0.06894641
-0.01631849
0.05302612
-0.03907884
0.02847283
-0.03858065
-0.01521446
-0.06888144
-0.02014401
-0.04626432
0.03962005
0.04679073
0.04158628
0.03227100
0.01432979
0.03249438
-0.04285453
0.00539226
0.00572937
0.03719819
-0.06435425
0.00764727
0.04662697
-0.09409426
0.06276378
-0.02427916
0.01005772
0.03203981
0.03738850
0.01572209
0.09255861
0.04012444
-0.00613275
-0.07188480
0.04819109
-0.05089320
0.01467403
0.02105504
0.04452185
0.04329777
0.05183743
0.04575514
-0.06777880
-0.02027108
-0.04681874
0.02509358
-0.04286223
0.04157431
-0.00911346
0.07862511
-0.03596201
-0.00344448
-0.07087427
0.03763530
0.08303956
-0.05761910
0.05720453
-0.05882847
-0.05548552
0.04908614
0.05718278
0.00830644
-0.05946514
0.02714592
0.09087678
-0.04422183
-0.06688781
0.00921195
-0.01879813
-0.01463538
-0.02479616
0.06668179
-0.01743624
0.06553348
-0.04766185
0.02845776
-0.05912418
-0.01958586
0.05387042
-0.08132200
0.00936956
0.06541091
-0.05310535
0.03634637
0.00185505
-0.01639322
0.05963421
-0.03276986
-0.02475873
