-0.04142728
-0.00149266
0.02103943
0.02269775
-0.05946226
-0.02373446
0.04266315
0.06186399
0.10068853
-0.03142052
-0.10783102
0.05241005
0.07300223
-0.02851376
-0.08735304
0.08784575
0.03570414
0.01099115
0.07173648
-0.03379736
0.08655912
-0.00651534
0.14523627
0.12813307
-0.05914744
-0.05708425
0.08802435
0.01471586
-0.02245913
0.08890066
0.00478610
0.03578017
0.05335424
0.01339413
0.04060351
0.02027206
0.10838105
-0.14590976
0.02053194
0.05931757
-0.09192923
-0.03289989
0.05629041
-0.11398634
0.09608100
0.02974015
-0.01451399
0.04356370
-0.02297082
0.08286002
0.01469417
0.04798697
0.03187055
-0.05894602
0.04965181
-0.07750966
-0.05592116
-0.01355964
0.07701869
0.00779309
0.02769809
-0.07775844
-0.08366974
-0.07980628
0.09715018
-0.10032283
-0.01040931
-0.04256472
0.10342346
-0.04211750
0.05646680
-0.05725931
0.05768318
-0.01143378
-0.06291873
0.06295439
-0.08970277
0.02970252
0.02837788
-0.04435119
-0.07546097
-0.03463306
0.06802138
0.03089337
0.06905355
0.00071124
0.18388110
0.00583139
0.02955493
-0.06057618
0.05525681
0.03440411
-0.03987360
-0.03497806
0.05209608
-0.10103700
0.09859643
0.03762641
-0.04343565
0.03807201
0.01325866
0.01548663
-0.00489085
-0.05160901
-0.10020462
-0.04880847
-0.04680444
-0.05782034
0.05475554
0.07095365
-0.00771024
-0.00560212
-0.05517066
0.04706398
-0.02954018
0.06786924
-0.01868873
-0.10557295
-0.01966749
-0.01425591
0.00970959
0.07723154
0.09332798
0.01267398
-0.07946621
-0.06006715
0.08508565
-0.00641336
-0.09327613
0.04543058
0.15623797
0.07008782
0.02253391
-0.03842236
0.06394609
0.00232977
-0.04186999
0.00873645
-0.07389924
0.05356859
-0.01055424
0.13722415
-0.09841795
-0.03243698
0.01647212
-0.10842717
-0.01065998
0.05913867
0.01610642
-0.05341198
0.06659048
-0.02194461
-0.09002638
-0.07439420
0.03007579
0.03453852
0.01145526
0.10308092
-0.06464047
0.04279991
0.06009443
0.03950347
0.03647515
-0.09123382
0.06257416
-0.06679227
0.06484090
0.09895668
-0.06531438
0.09931771
-0.06856788
0.00202069
-0.01193516
-0.02497403
-0.00306642
-0.01494843
-0.00329860
0.03972394
0.08283938
-0.08212707
-0.08432022
0.04273053
-0.01565570
0.03509814
0.03215648
0.06974345
-0.10993993
-0.03721377
0.06508400
0.05118349
0.06446015
-0.04253022
0.06728128
-0.09463032
-0.02255856
-0.01408836
0.11013642
0.06727940
-0.07964593
-0.04695528
0.05268141
-0.00997263
0.07419281
-0.02128692
0.04062266
0.02914540
0.05798115
-0.05375623
0.01302224
0.12263424
0.02322400
0.08474971
-0.01647641
0.07596482
-0.07343926
-0.05579137
0.01560355
0.00583047
0.07877370
0.05506548
-0.03466745
-0.06788927
-0.02980408
0.11244741
0.09889476
0.08069479
0.02728577
0.06364901
0.03501369
0.04965484
0.00158458
0.02566983
0.06745924
-0.06720349
-0.11050041
0.02813732
0.00658553
-0.08101997
-0.01359734
-0.08638809
-0.05235868
-0.00479951
0.06748625
0.10268976
-0.01794613
0.04568907
-0.03954811
0.05990263
-0.10123015
-0.01207203
-0.07136884
0.06326339
-0.02354851
-0.04265331
0.02910438
-0.05653147
0.07316048
0.08639349
-0.11774427
-0.02493931
0.09279472
-0.16665342
0.03729932
0.12836498
-0.00879319
0.07363629
-0.17672841
0.03163620
0.12120274
0.05247963
-0.19544326
-0.07262655
-0.32576761
0.04246537
0.11379448
-0.20344277
-0.12708904
0.01204207
0.04469971
-0.01076635
0.00924293
-0.07408895
-0.09123848
-0.15685514
-0.16996866
-0.05146857
-0.01290105
0.01232983
-0.18494593
-0.09934317
-0.27755010
0.06701823
0.13376842
-0.00413234
-0.09129644
-0.02396169
0.09662763
0.07515919
-0.04974402
-0.00752827
0.03496551
-0.01402740
0.06565156
-0.36497971
-0.17407176
0.07648434
-0.02554964
0.00123901
-0.04861761
0.00133594
-0.08072668
-0.12606612
0.16739549
0.04359466
-0.08970992
0.04918250
0.04973698
0.37889212
0.03081357
-0.10455295
-0.03322650
-0.00333039
0.09777110
0.02419380
-0.05813283
-0.02174506
0.05857814
-0.05708335
0.00822418
-0.00307113
0.03623012
0.07090959
-0.05977603
0.05144319
0.03195462
0.04730947
-0.05175521
0.01154910
-0.00182173
-0.05369943
0.00326202
0.00734070
-0.00071255
0.00525899
-0.04417167
0.02725014
0.04415021
-0.03967486
0.05375133
0.04955306
-0.02290783
-0.00282888
-0.05415474
-0.01595510
0.10442127
0.00979197
-0.03948400
-0.06610774
-0.00904729
0.00279767
0.06118081
0.07354572
-0.08019885
0.01155671
0.02720405
0.03916340
0.00224479
0.02004565
-0.02985885
0.00729641
0.01322429
-0.01880476
0.08430137
0.04182429
-0.00791950
0.07733710
0.04241821
0.02487940
0.03025055
0.05051247
-0.06725726
-0.03276920
-0.01026075
-0.03627083
-0.03765688
0.02901653
-0.02146683
-0.00559881
0.04870797
-0.03226534
-0.03118806
0.00914803
0.03049519
0.00836127
0.00562495
-0.04698171
0.06643946
0.03668881
0.00971524
0.07096372
-0.09882156
-0.04096183
0.00614660
0.02507512
-0.08240774
0.03712381
-0.04742555
-0.06611530
0.02988318
0.00163656
-0.00320154
-0.03901885
-0.06707548
0.02073688
0.01526893
-0.01402282
0.03632911
0.03624936
-0.00690327
-0.02176821
-0.00212775
0.00367545
-0.05811369
-0.03875794
0.02788028
0.01216991
-0.01140148
0.02084422
0.04309971
0.06334711
-0.03056364
-0.08195037
0.01328707
-0.00617334
-0.00508517
0.01294806
0.04651274
0.03984905
0.00883373
0.11573628
-0.01658424
0.03960403
0.04855072
-0.03650766
-0.03962587
0.04641138
-0.01881661
0.04375044
0.03878638
0.03732329
-0.01168478
0.08775742
0.01014615
-0.06589485
-0.03970151
0.01882799
-0.00053620
-0.06621859
-0.05252514
-0.02720830
-0.04990226
-0.04816626
0.06129356
0.02256305
0.06991605
-0.06685949
-0.00677863
-0.00606226
0.06918748
-0.01359737
-0.07864073
-0.04912219
0.04525660
-0.02809410
-0.03875587
0.01625147
-0.02284572
0.06687614
0.05330284
-0.04021525
-0.02821119
-0.00415335
-0.00058187
0.03370669
-0.00685871
0.02116483
0.10370214
0.06224055
0.04634019
0.07071586
0.03327794
0.11705858
-0.04221963
-0.02478321
-0.03312682
-0.01293787
0.08254697
0.01698240
0.02311170
0.01362138
0.07165803
-0.03412487
0.00280739
0.01593802
0.00698354
-0.02472311
-0.00332085
-0.02061296
0.01077077
0.07909501
-0.01310908
0.01495191
0.03692229
0.01454819
0.01760603
-0.01673280
0.06841765
-0.04628746
-0.02497074
-0.03430055
-0.02946124
-0.01776798
-0.01550611
-0.04137813
-0.08429804
-0.06279538
0.01589228
-0.05711716
-0.00272852
-0.00172574
0.05922475
-0.00771616
0.03048199
0.03528197
0.02258039
0.04064902
0.03644612
-0.00342633
-0.01512445
0.10227311
0.00501286
-0.07284039
-0.04489508
0.00026624
0.03739145
0.00632516
0.02393998
0.01847569
0.01928155
0.02804417
0.09820150
0.03442474
0.04930420
0.00040991
0.00043601
-0.01458535
-0.00062772
-0.05788070
0.00372191
-0.06508860
-0.00211417
0.00032115
0.04254442
-0.04575505
0.06717454
-0.01773572
0.02195317
-0.03421763
-0.03035072
-0.04525329
0.06301010
-0.02533887
0.02688935
0.04313356
0.04233533
0.00074355
-0.00945870
0.05917644
-0.02345261
-0.02595583
0.06839667
-0.09831011
-0.07143615
-0.04949426
-0.04322367
0.02201734
0.05819365
-0.03131007
-0.01281772
-0.06626177
0.00594933
0.07019165
-0.01801673
-0.03213467
0.01663269
-0.01190733
-0.03514875
-0.02850039
0.04125713
0.05650041
0.06734130
0.08474698
-0.08126234
0.07707155
0.03155421
-0.04206154
-0.01262421
-0.00035114
-0.02257282
0.06139008
-0.00305251
0.01813108
-0.00778372
0.01343199
-0.03511349
-0.05837791
-0.05475382
-0.00065408
0.02655915
0.00242153
0.02117506
0.02015130
-0.01353149
-0.03274740
0.06140715
-0.04534006
0.04847103
-0.03862189
0.05263577
-0.04575327
0.00006289
0.00673725
-0.02839938
0.02772558
-0.01650473
0.07027182
-0.03255554
-0.05342991
0.07145879
-0.01070127
-0.08974195
0.05389367
-0.01054212
0.04574547
0.01427375
-0.02448898
-0.05011597
0.04658851
0.06670826
0.00281071
0.03148643
0.01989491
0.01918251
-0.00942989
0.00616020
0.00382068
-0.02942344
0.02084890
0.00367034
0.07862775
-0.04687647
0.06769639
0.01841523
-0.00313463
-0.03461617
-0.02620820
0.00073137
-0.01711230
-0.01693657
-0.03654199
-0.04203791
0.05655836
-0.04186542
0.01881202
0.04542620
0.00363530
-0.03581270
-0.08774892
-0.02286532
0.04765853
0.03768185
0.04726593
0.01851009
-0.02205908
0.08086024
-0.02827843
-0.04303486
-0.02670275
0.06129880
0.03247181
-0.05397356
0.00355082
-0.06994189
-0.06594887
-0.06272863
-0.03837702
0.01974164
-0.00742406
0.00514853
-0.00228332
0.02760788
-0.04936865
-0.02808790
0.00602471
0.02633347
-0.03269683
-0.02433817
-0.00569252
0.01574561
-0.00227104
-0.03831412
0.01532051
-0.01945058
-0.04292760
-0.04142607
0.08961716
0.11766998
-0.01728629
0.00386856
-0.00317685
0.03348678
0.02559066
0.00650307
0.03022467
0.04569734
0.00338862
-0.05919066
0.02244791
0.02683309
0.07597394
-0.04096688
-0.06143628
0.00906188
-0.06628914
-0.09582656
0.06830314
-0.02999989
0.04439459
0.07232231
0.04526297
-0.03914288
0.05984635
-0.07788706
0.04675613
-0.02292526
0.06632721
-0.02641171
0.00833261
-0.05261362
-0.03355715
-0.02829820
-0.02221426
-0.04408042
0.00504595
0.03862203
-0.01059844
0.06162881
0.00232864
0.03713736
-0.07115632
-0.03264157
0.05375146
0.03939313
-0.06205668
-0.00810703
0.05132995
-0.05643446
0.06194382
-0.02377582
-0.00626694
0.03809114
0.00871336
0.03211386
0.09513310
0.04191589
-0.01553531
-0.08065757
0.02107187
-0.02683200
0.00033625
0.03061488
0.04431852
0.00869711
0.06504431
0.02466496
-0.08398931
0.00832756
-0.02785832
0.04431939
-0.04076217
-0.01158284
-0.00224238
0.09413949
0.00831451
-0.00166511
-0.08398722
0.07291809
0.09641859
-0.04298164
0.04562423
0.00442692
-0.07662582
0.03466904
0.09318120
-0.02175489
-0.02530507
0.02413280
0.08687752
-0.01142255
-0.05198244
0.02560674
-0.04085804
-0.06757712
-0.04677348
0.10118187
-0.00844194
0.05771577
-0.05213749
0.05503393
-0.03059615
-0.00110076
0.04479576
-0.10775858
0.03709278
0.08723710
-0.04743849
0.04237757
0.01525908
-0.00925718
0.04139232
-0.00145664
0.02182408
