-0.04551713
-0.00197892
0.02546199
0.02263298
-0.03947799
-0.01520131
0.04680717
0.05496878
0.09426247
-0.04592187
-0.11816570
0.04600484
0.07268697
-0.02243378
-0.08312517
0.10523894
0.05088026
0.00458701
0.07161351
-0.02135557
0.08074716
-0.01239192
0.15211004
0.13031119
-0.05427133
-0.05309918
0.08601506
0.01569660
-0.02291111
0.08987045
0.00881913
0.02656989
0.05063298
-0.00431435
0.03292608
0.02107329
0.09637332
-0.14807481
0.01886505
0.05552708
-0.08771112
-0.03432031
0.04534557
-0.11027335
0.09029540
0.02155739
-0.00762514
0.04493614
-0.03541122
0.08327255
0.03450951
0.04864297
0.02768604
-0.06401478
0.04604558
-0.06213932
-0.04837657
-0.01687383
0.07293487
0.01613835
0.01698573
-0.08078751
-0.09162402
-0.08156426
0.10221519
-0.10827565
-0.00868881
-0.05407355
0.09333501
-0.04358987
0.05664659
-0.05227358
0.05329911
-0.01335850
-0.06398316
0.07788894
-0.08629778
0.01555199
0.03879796
-0.03501600
-0.06824224
-0.05562092
0.07638097
0.03696092
0.05638396
0.00674613
0.18477900
0.01356203
0.03986145
-0.07433657
0.04647350
0.03218533
-0.03265020
-0.02997545
0.04354351
-0.10701204
0.09093306
0.05425054
-0.03718925
0.03839274
0.02370883
0.02506420
-0.00437296
-0.06756572
-0.11089830
-0.05138688
-0.04311821
-0.05597110
0.04959907
0.06429660
-0.01793536
-0.01613330
-0.07216575
0.05022353
-0.03250862
0.06493270
-0.03144811
-0.10292286
-0.01115310
-0.01620287
0.01235609
0.07146857
0.09311455
0.01900753
-0.07383785
-0.05675441
0.08672870
0.01079617
-0.09943552
0.01957995
0.15178010
0.06879234
0.01473862
-0.05363948
0.05855859
0.01495225
-0.04507802
0.01828950
-0.06728607
0.03742788
-0.01042806
0.14046216
-0.10883172
-0.05354478
0.02055282
-0.10620917
-0.02496658
0.06992792
0.01221309
-0.06686118
0.07130554
-0.00707082
-0.08970366
-0.08557528
0.02909373
0.01005251
0.01815382
0.09728169
-0.05868189
0.03348937
0.05574904
0.05161019
0.03235404
-0.07504025
0.05324089
-0.07488254
0.06446577
0.08732343
-0.05958053
0.09911516
-0.06572014
0.01381882
-0.00883484
-0.02993087
0.00319361
-0.01529999
-0.01010998
0.03337497
0.08393978
-0.07702754
-0.07677427
0.04298179
-0.02618601
0.01936468
0.02760760
0.06646281
-0.13008311
-0.03474566
0.04815198
0.06077537
0.07315345
-0.03678031
0.07540864
-0.08518578
-0.01800495
-0.00232645
0.10547616
0.07115067
-0.08609533
-0.04696801
0.06096174
-0.00691967
0.08295791
-0.00363401
0.04039615
0.02873173
0.04612273
-0.06451011
0.02645987
0.12113685
0.02190360
0.07933418
-0.01639090
0.07546534
-0.06537913
-0.05290713
0.01830824
-0.00229440
0.08983859
0.04866286
-0.03714078
-0.06080456
-0.03413477
0.11845732
0.09488117
0.07618164
0.01963516
0.07809479
0.05241573
0.05336097
0.00089453
0.02958220
0.06872292
-0.07453092
-0.10798407
0.02222067
0.00886897
-0.07029988
-0.00401644
-0.07853017
-0.05773047
-0.00515122
0.06680989
0.09600887
-0.03020624
0.04396687
-0.02018607
0.08947480
-0.09519994
-0.01278048
-0.05106403
0.06321243
-0.02206733
-0.03073343
0.02774590
-0.03777907
0.00712228
-0.03877671
-0.13939123
-0.05456838
0.08648274
-0.19950005
0.05173837
0.11357481
-0.00027178
0.08757277
-0.11875594
0.09304658
0.09550554
0.05054614
-0.07549705
-0.01794221
-0.31394988
-0.02044372
0.11291011
-0.24761491
-0.10296640
-0.05421588
0.04686823
-0.07284137
-0.00384770
-0.07451262
-0.18301132
-0.20477797
-0.02532232
-0.04866385
-0.02271322
-0.04075412
-0.06399829
-0.11946074
-0.23675974
-0.03572921
0.12515455
0.01001682
-0.06411763
-0.14058870
-0.03823362
0.00552693
-0.02956739
-0.09841806
-0.07402933
0.04736916
0.18176350
-0.30845195
-0.14520569
0.10690732
-0.00038054
0.10279799
0.00249178
-0.10554339
-0.02663239
-0.21160793
0.14351040
0.08243035
-0.11631463
0.10485693
0.09753533
0.36742854
0.05890105
-0.14790337
-0.04565117
0.02460330
0.07515146
0.02562275
-0.03104076
-0.02978865
0.04884010
-0.03679265
-0.06077169
-0.02027548
0.03112832
0.02811201
-0.07955535
0.00216343
0.02254168
0.03347874
-0.06639027
0.02135962
0.04244718
-0.08772392
-0.00801619
-0.01990327
0.02052079
-0.03779468
0.04034629
0.00662843
0.01395905
-0.04586279
0.06971516
0.00509204
0.00113799
0.01057533
-0.04433434
-0.02611904
0.07541045
-0.03385125
-0.00436742
-0.00151473
-0.01795011
0.06596704
0.01410792
0.04968704
-0.05893479
0.00340695
0.07568672
0.03450964
-0.03331563
-0.00907108
0.04657585
-0.03755329
0.01495706
-0.03760665
0.06261173
0.00868709
-0.05118868
0.03677702
0.02056323
0.02868545
0.05795461
0.06167942
-0.05323979
-0.07422128
0.04028503
0.02889124
-0.07604601
0.02643920
0.03002518
-0.07080090
0.06271550
-0.04565413
0.02637087
0.01287249
0.06555223
-0.02292027
0.00923586
-0.03803635
0.06836517
0.04640519
0.03508066
0.08797187
-0.05734524
-0.05716328
-0.00317504
0.04160229
-0.05409992
0.03158913
-0.03295926
-0.00785741
0.01528569
-0.00742619
0.04236371
-0.04866031
-0.01930378
0.01421005
-0.00261783
-0.01760861
0.06860244
0.03594067
-0.01995138
-0.00225738
-0.08880981
0.01624171
-0.06343099
-0.04073642
0.00388231
0.00183508
0.02367898
0.08308838
-0.02135609
0.07934707
-0.03454640
-0.03629754
0.05510372
0.01986871
-0.00747270
0.05118182
0.05142449
0.05045025
0.01479689
0.07483525
-0.02434912
-0.00965204
0.03862721
-0.02231983
-0.08838325
0.01549841
0.00222819
0.08123393
0.02371492
0.04808595
0.00403910
0.09679648
0.04328289
-0.04024811
-0.02884191
-0.03649244
0.08738392
-0.03551300
-0.02726394
-0.02540647
-0.00182571
-0.04618561
0.10230250
0.00856063
0.06488033
-0.03912599
-0.04164311
-0.02761699
0.04276585
0.02172758
-0.07839901
-0.06271768
0.01876832
-0.01267195
-0.07806518
0.02452093
-0.03838366
-0.01728108
0.05276315
-0.01221476
-0.04903976
-0.04377580
0.01624773
0.04639782
-0.01142406
0.00895331
0.07999213
0.04340189
0.02559759
0.05646732
0.01964217
0.12174642
-0.07804847
0.01464909
0.00239092
-0.03999988
0.07569713
0.06470606
-0.02846462
0.08731519
0.02290712
-0.01349528
0.00699103
-0.05050550
0.04381733
0.00373738
-0.01035043
-0.07264871
0.03565411
0.08921134
-0.01059979
0.02501278
0.01515886
0.02799425
-0.01196863
-0.04077196
0.06239535
-0.05283293
-0.01715315
-0.01209881
-0.00540695
-0.05826613
0.02409803
-0.07644989
-0.01690423
-0.03925528
-0.01584964
-0.08413859
-0.02651922
0.04010543
0.08878729
-0.01247074
-0.05508465
0.02505998
0.01719076
0.01716128
0.04778097
-0.03512588
0.03609822
0.08710486
-0.03669280
-0.09546730
-0.03145651
0.02853418
0.03897051
-0.00509711
0.02431797
-0.05729070
0.00831252
-0.02144552
0.01408413
-0.01107373
0.06201286
-0.02835264
-0.06499574
-0.01233907
0.03052306
-0.03080401
-0.00916882
-0.05659162
0.00753216
0.01844075
0.00454416
-0.02990507
0.01039953
0.05371648
0.04707483
0.02906263
-0.02073063
-0.04986325
0.03357156
-0.07011285
0.03439784
0.02547026
0.02164688
0.03553308
-0.03588647
0.02713858
-0.00406840
0.00102289
0.04471765
-0.05834169
-0.05989239
-0.06720007
-0.00979762
-0.01138926
0.02748778
-0.03639560
0.02406893
-0.06251546
-0.00518050
0.09447613
0.04000569
-0.05386113
-0.00000192
0.05714086
-0.02140997
-0.00780772
0.02091262
0.00538210
0.04084471
0.04648114
-0.04351192
0.06249061
0.08219304
-0.05099677
0.00761521
0.04055468
-0.08841437
0.01780260
-0.06847703
0.02607291
-0.06041697
0.05407892
0.02998553
-0.03615190
-0.03170124
-0.03446795
-0.00829787
-0.01541675
0.01758133
-0.00431986
0.01207507
-0.04025506
0.07431969
-0.00272680
0.08126274
-0.06062790
0.01750467
-0.06553479
0.01560066
-0.00267967
-0.02547311
0.04238399
-0.05487902
0.02488011
0.00839372
-0.08551166
0.02169949
-0.05361867
-0.06543235
0.04843314
0.02668595
0.02107551
-0.00275599
-0.02227041
-0.03294605
0.08754287
0.09855282
-0.02080929
0.00457546
0.02438847
0.04178444
0.04425072
0.02784206
-0.01192847
-0.03600358
0.03402115
0.02161183
0.07499943
-0.00056165
-0.01888503
0.01716240
0.00050030
-0.06949661
0.01785704
-0.02424091
0.03788811
0.01633140
-0.03439443
0.00568269
0.02389453
-0.09244727
-0.00153036
0.02515357
-0.07052202
0.01917921
-0.07640018
0.01691855
0.07830071
0.04580740
0.05244553
0.06801145
0.00975580
0.05704868
-0.04281360
-0.04978327
-0.06032794
-0.00916221
-0.04305309
-0.01597987
0.02654072
-0.03846008
-0.03612439
-0.06626537
0.02547268
-0.00467257
-0.03130034
0.02330001
-0.02277954
-0.03441123
-0.04505017
-0.05960375
-0.02134900
0.04486063
-0.04106189
-0.03240349
-0.01173550
0.00365815
-0.01983190
0.01398137
-0.02743515
0.01553939
-0.02030140
-0.04488347
0.08492325
0.09406964
-0.00740020
0.02655354
0.05538940
-0.01553044
0.04061837
0.02489176
0.03000027
0.06175368
-0.02319959
-0.06785057
0.04397265
0.02699878
0.08048106
-0.02888343
-0.03096110
-0.00419428
-0.06852945
-0.04687122
0.03295312
0.02658847
0.00371959
0.06848110
0.03148950
-0.02378156
0.02556706
-0.05418792
0.03483547
-0.01652811
0.03566666
-0.01727414
-0.00386090
-0.02430772
-0.02852294
-0.03665709
-0.08958998
-0.02177797
-0.00141488
0.05851124
-0.06011404
0.05914450
-0.03280691
0.01497771
-0.02222973
0.03620481
0.04155266
0.05357746
-0.06224753
-0.01585913
0.03896905
-0.08122346
0.01589071
-0.00333093
0.01374538
0.04465871
-0.02033017
0.02979121
0.05279258
0.06179024
0.03319089
-0.07000696
0.02020583
-0.04639814
-0.05089471
-0.01882384
0.05130341
0.03579012
0.06323270
0.02365130
-0.07954682
-0.00991738
-0.01705941
0.08936951
0.01849422
-0.00427987
0.00303422
0.06356712
0.03328604
0.06990526
-0.04288210
0.05491151
0.04763145
-0.09256639
0.02745130
0.00370145
-0.08201499
0.01684180
0.05552426
-0.00030309
-0.03588247
-0.01754480
0.04154717
0.00552266
-0.08085337
0.04953294
-0.03874799
-0.00209051
-0.02132871
0.05776021
0.02281244
0.04701971
-0.02854243
-0.00524308
-0.01808276
-0.00164381
0.03836794
-0.05480169
-0.01838933
0.05558033
-0.09618878
0.06218687
0.04771850
-0.01066860
0.02353485
-0.03177674
0.05458452
