-0.02744751
-0.01379963
0.06158298
0.02153781
0.01594613
0.02246626
0.05339647
-0.01586154
0.09530853
-0.06643490
-0.10170276
0.01115465
0.11339378
0.01107130
-0.04776116
0.10431075
0.01502225
-0.02932346
0.02900675
-0.03311442
0.02155457
-0.03799220
0.09660330
0.11306357
-0.05485012
-0.02480032
0.07645240
0.05356979
-0.02467432
0.08322329
0.02358478
0.01413191
0.08899402
-0.04608665
0.00956624
0.05614304
0.11978762
-0.15052456
-0.02847311
0.05659769
-0.09732096
-0.03790863
0.03905049
-0.05451158
0.04497227
-0.02180841
0.02740944
0.04529397
-0.04152596
0.09830112
0.07120957
0.03928609
0.01957257
-0.00856439
-0.03884939
-0.05214867
-0.00204691
-0.07046040
0.08639540
0.10223230
0.00172363
-0.01673061
-0.08499928
-0.07652763
0.06321624
-0.05012353
0.04422136
-0.05880297
0.14595586
-0.07650378
0.03522192
-0.00347366
0.09528787
-0.03563277
-0.06529172
0.12273122
-0.08754376
-0.06176064
0.07334422
0.01621326
-0.10524956
-0.06649908
0.03502025
0.02741536
0.05344060
-0.00852592
0.15902026
0.04103947
0.01033377
-0.03075665
-0.00002244
0.03815762
-0.07500590
0.06833001
0.00544447
-0.10655052
0.03684130
0.11772507
0.00702737
0.04367505
0.03579933
0.07004784
0.03797288
-0.08889769
-0.12856469
-0.01754745
-0.01803163
-0.04241163
0.01033788
0.06583663
0.01062602
0.01129827
-0.07092883
0.00923468
-0.02698510
0.10134163
-0.02336594
-0.08961293
-0.04153289
0.01185345
-0.06384341
0.09047992
0.09841222
0.03327987
-0.01969655
-0.04630760
0.06364101
0.04049163
-0.02765673
0.01929554
0.13922802
0.10068192
0.06867787
-0.09743206
0.03753870
-0.02443725
-0.07541049
0.04619735
-0.02007536
0.05090897
0.01076512
0.08677264
-0.10002486
-0.10854860
0.04948128
-0.07987465
-0.06931934
0.10418954
0.03476451
-0.10193331
0.01662767
0.07955746
-0.06614681
-0.06096354
0.07995243
0.01703062
0.05888454
0.04577815
-0.06076696
-0.07763776
0.06557309
0.05881657
-0.05954060
-0.02282137
0.01560812
-0.12999769
0.01066869
0.08170030
-0.09696963
0.08925909
-0.06564064
-0.02785702
-0.03829391
-0.04557288
0.01901930
0.06434100
-0.03398548
0.02771932
0.05916846
-0.07908690
0.02493699
0.00015941
-0.01913571
0.04853643
0.02195633
0.05073743
-0.09868787
-0.02765416
-0.00627675
0.11452746
0.02064374
-0.10999681
0.05300776
-0.06561036
-0.02029282
-0.00128471
0.03255542
0.11282196
-0.05973975
-0.01015242
0.05288369
0.01422616
0.05248041
0.02889697
-0.04706233
0.08157609
0.05902716
-0.07111370
0.05815820
0.07701562
0.01641196
0.07102889
0.00973049
-0.01203692
0.01239337
-0.08204965
0.03276537
-0.00181275
0.04508893
0.03122885
-0.08824316
-0.07859743
0.03498008
0.05022781
0.00109704
0.06043409
0.00799259
0.12308626
0.07700328
0.00097316
-0.04216824
0.05004717
0.01610598
-0.12394897
-0.08375945
0.05973585
-0.02284212
-0.05903957
0.00541011
-0.03324141
-0.09255558
0.00932487
0.04522503
0.11117774
-0.04034382
0.02342733
-0.02122874
0.11633074
-0.10219094
-0.02170053
-0.00601380
0.01396649
0.02350345
0.02517497
-0.03132317
0.02089648
0.09604200
0.02553342
-0.12932444
-0.03355017
0.06060431
-0.20558558
0.00225559
0.15695709
-0.04641036
0.17390123
-0.05788936
0.14923242
0.12550646
-0.04141427
-0.09470202
-0.14465308
-0.29585376
-0.03193542
0.19244201
-0.21309848
-0.12254837
-0.06496220
-0.02231218
-0.02817391
-0.00179659
-0.02302982
-0.14240046
-0.16233128
-0.10446329
-0.00606877
0.01698943
-0.07924851
-0.08971518
-0.18132760
-0.23223029
-0.01000574
0.10571482
0.02506241
0.02665783
0.01342208
0.05497660
0.04722420
0.01663912
-0.05619629
-0.09945898
-0.01506975
0.04946887
-0.25970954
-0.19400232
0.05937837
0.13041227
0.10411231
-0.15828210
-0.05272314
-0.04123114
-0.16055425
0.17952558
0.14554973
0.00294289
0.16318798
0.08000191
0.30447173
0.07492647
-0.18618512
-0.04154568
0.00643890
0.05933776
0.01709721
-0.03617366
-0.00674589
0.05425632
-0.03599545
-0.04205031
-0.01040984
0.04521395
0.01456844
-0.09967573
-0.00060655
0.01689668
0.02297069
-0.07652908
-0.01598025
0.07232782
-0.07216838
-0.01099591
-0.04307776
0.01476395
-0.02316561
0.02094238
-0.01318813
0.01295552
-0.05111478
0.05455767
-0.00297067
0.01777710
0.00893117
-0.03967762
-0.02913701
0.05515172
-0.04803818
-0.00009297
-0.00379413
-0.02117401
0.04733312
0.03997011
0.05147725
-0.06477877
0.00208546
0.07564265
0.02559770
-0.03603002
-0.02185283
0.04844705
-0.03985981
0.01188459
-0.04247801
0.04470646
0.03853967
-0.03326450
0.02762431
0.04813177
0.01809828
0.04461974
0.06567727
-0.06670629
-0.07514729
0.04241176
0.01153836
-0.05017786
0.01671128
0.01353726
-0.05042124
0.05710719
-0.05179972
0.04118094
0.00503961
0.09388417
-0.00487892
-0.00659373
-0.03820921
0.05495977
0.03896503
0.06754313
0.08898710
-0.01927950
-0.04059903
-0.02108445
0.03349334
-0.08221824
0.03257307
-0.01255044
0.00000762
-0.01293178
-0.01205135
0.02099457
-0.05967602
-0.02944924
0.01727425
-0.01874876
-0.01956137
0.07832265
0.02114601
-0.02328181
0.02566045
-0.06232427
0.01702564
-0.05264731
-0.04310438
-0.01294485
-0.00011734
0.04525508
0.06845722
-0.02315491
0.08472220
-0.02603531
-0.02439939
0.06711181
0.01163496
-0.02999183
0.02315022
0.04214954
0.04416390
0.02070278
0.07579327
-0.02598648
-0.03939487
0.02439030
-0.05428050
-0.07128846
0.02011589
0.00208134
0.06858817
0.02701827
0.04424236
-0.00031242
0.08378490
0.03995090
-0.02359572
-0.01612249
-0.03702936
0.09510541
-0.03962806
-0.02358295
-0.03150482
-0.02022746
-0.02367061
0.08584539
0.01200679
0.07096322
-0.03645380
-0.03282279
-0.03249655
0.04513957
0.01496635
-0.08087022
-0.06818841
-0.00402395
-0.04055755
-0.07470661
0.04202417
-0.02077175
-0.00481798
0.05068518
-0.03802428
-0.04984793
-0.06269561
0.00804088
0.03172156
-0.01031516
0.01449684
0.06972856
0.06531981
0.04992656
0.04493487
0.02064183
0.12399010
-0.08274569
-0.00221223
-0.01862379
-0.04764331
0.08347311
0.03555885
-0.03854031
0.08780991
0.02268309
-0.02714719
0.00474354
-0.05992930
0.04866937
0.01074662
-0.00948168
-0.06466264
0.03254522
0.05838963
-0.01002352
0.04694820
0.03005620
0.02121266
0.00400836
-0.03133886
0.09130085
-0.02827931
-0.01782638
-0.02357195
-0.00501712
-0.06668766
0.00854814
-0.07256778
-0.01020692
-0.07389925
-0.02389251
-0.08740200
-0.02848426
0.01776076
0.08643174
-0.04003519
-0.04649606
0.02801159
0.02326540
0.01149827
0.02692654
-0.05470553
0.01116414
0.09765875
-0.04900376
-0.08057400
-0.04120608
0.01847257
0.03110816
-0.02021474
0.01802016
-0.04219910
0.02095663
-0.03956766
0.00799045
-0.01457283
0.06647516
0.00016351
-0.07646924
0.01624820
0.04016773
-0.02082047
-0.00067121
-0.05157166
0.00907274
0.04060319
0.01501240
-0.04323139
-0.01485656
0.05605147
0.02962197
0.01325305
-0.01996719
-0.06208307
0.04350197
-0.06284548
0.00583794
0.02027789
0.01587882
0.05995508
-0.02368644
0.04057703
-0.01777037
0.00971059
0.04447251
-0.05741773
-0.04471666
-0.07566012
-0.01318309
-0.02917424
0.02722459
-0.02978437
0.03585687
-0.06000794
-0.01340664
0.09014645
0.04553442
-0.06138648
-0.01043601
0.03270934
-0.02687804
0.01641838
0.00026961
0.00739419
0.04854570
0.05508615
-0.02365775
0.06082081
0.07010100
-0.05651929
-0.01460022
0.01100065
-0.10327630
0.04034285
-0.04327148
0.01264846
-0.05629763
0.05657979
0.01492793
-0.05386421
-0.01528201
-0.03693327
-0.00706601
0.00641815
0.01143287
-0.00529950
0.03834866
-0.01284806
0.03699449
0.01206663
0.05864253
-0.04983926
0.01201225
-0.07411759
-0.00527746
0.00118905
-0.00847581
0.03162507
-0.03920063
0.00420807
0.00655316
-0.10926978
0.03432196
-0.04852333
-0.05745199
0.03437185
0.00331305
0.03179603
0.00644157
-0.03249613
-0.00205571
0.06323198
0.09399433
-0.00326614
0.00849299
-0.01899966
0.05149452
0.06497350
0.02419401
-0.00023054
-0.05003685
0.00631513
0.02472072
0.05691089
-0.02201106
-0.03624626
0.01301596
-0.03664535
-0.07180412
0.02719553
-0.04077556
0.07071168
0.03694587
-0.00520378
-0.03016817
0.04375953
-0.08092837
0.00037110
0.02793803
-0.08465619
-0.00869273
-0.05971395
0.02424860
0.07565820
0.03629776
0.06026104
0.06747236
-0.00114798
0.05585094
-0.03615816
-0.03883000
-0.06862634
-0.02447234
-0.02481063
-0.01247766
0.04324029
-0.06323817
-0.01671075
-0.07970064
0.02171645
-0.00019457
-0.02676074
0.03367955
-0.02863080
-0.02780628
-0.02685995
-0.03964098
0.00046119
0.05531994
-0.04307850
-0.01723580
-0.01048780
0.01301379
-0.03521499
0.03205153
-0.04072229
0.04625703
-0.03428732
-0.02058154
0.06567929
0.10489554
-0.00509690
0.02117641
0.06235748
-0.02816117
0.03924664
0.01696616
0.05032792
0.06474613
-0.02846665
-0.05232851
0.05543204
0.04056164
0.11086988
-0.04438297
-0.01918236
0.00650840
-0.06616519
-0.02693963
0.01186045
0.00490375
-0.00139419
0.03945636
0.02605500
-0.03107203
0.03367343
-0.05098532
0.03059013
-0.01550091
0.01800099
0.00059416
-0.00346339
-0.05397572
-0.04887964
-0.03626323
-0.06030188
-0.00729913
0.01332106
0.05131951
-0.05162246
0.04193001
-0.03178682
0.03195471
-0.03129739
0.02997551
0.00984920
0.04260807
-0.06152030
-0.03460499
0.04193020
-0.10324994
0.01000039
-0.00375463
0.02792970
0.04637028
-0.01064379
0.03707447
0.07186875
0.05406301
0.03883504
-0.05932593
0.02635071
-0.05872203
-0.03414822
-0.02116041
0.04695897
0.04776435
0.07306393
0.01283980
-0.09627827
-0.00541702
-0.05188096
0.07895485
-0.01124738
-0.01958402
-0.00922221
0.04422380
0.01024475
0.05458317
-0.05586509
0.05386234
0.03848020
-0.08501283
0.01935653
-0.00109988
-0.08981645
-0.00073783
0.04132101
-0.01629639
-0.03988620
-0.01339547
0.05138776
0.00562964
-0.08013269
0.05071516
-0.04466810
0.00587472
-0.01791215
0.06353139
0.01463460
0.04859503
-0.05746447
-0.01733552
-0.03911835
0.02758053
0.03234456
-0.06201363
-0.01681684
0.07673243
-0.09726187
0.05185159
0.05799828
-0.01392850
0.02430147
-0.02049660
0.05748184
