0.02492017
0.04492266
-0.02327098
-0.01879198
-0.06984468
0.01193195
0.05080126
0.01128664
0.04031401
-0.06321093
-0.07415402
0.05244841
0.06223782
-0.00994467
-0.03829815
0.10637105
0.00371390
0.01853248
0.09296471
-0.03488301
0.02257964
-0.01390964
0.10977221
0.11404274
-0.02535986
-0.02047788
0.12268441
-0.00371420
-0.04466579
0.08902124
-0.05336291
0.04771140
0.05299981
-0.05555678
0.02439259
0.01009555
0.02162604
-0.12169041
0.03499532
0.04498378
-0.08338795
0.00850596
0.06642230
-0.09466369
0.07085469
0.03070153
-0.02386939
0.09674835
-0.00295870
-0.01801736
0.02592843
0.10209735
0.06733681
-0.04713091
0.04749772
-0.03176412
-0.04713172
-0.02089768
0.08246706
0.02289621
-0.00097141
-0.10988051
-0.10973013
-0.08260974
0.09481370
-0.10448337
-0.02603320
-0.00974439
0.06652726
-0.03291684
0.06577528
-0.11425618
0.03870611
-0.03340336
-0.06778400
0.04449628
-0.05774045
-0.02464843
0.05908995
-0.04946163
-0.10361608
-0.01847931
0.06346170
0.01764331
0.00933184
0.04567936
0.12992625
-0.01370940
0.04484812
-0.09777542
0.06422200
-0.01616484
0.00354689
-0.02296421
0.02950643
-0.10535507
0.04381702
0.03084089
-0.02348046
0.06609952
0.11458863
0.02708901
-0.07177625
-0.09700482
-0.11563946
-0.00814983
-0.07652054
-0.02492835
0.05581974
0.07775402
0.01545340
0.00964789
-0.03306612
0.07025467
-0.07322261
0.04202597
-0.00234378
-0.08227524
-0.03882961
-0.00018502
0.01519973
0.08375312
0.06927098
0.00691050
-0.07313103
-0.03251214
0.11180995
0.03012452
-0.04852167
-0.01986392
0.10625896
0.08504228
0.01952275
-0.06491984
0.09905221
0.02041652
-0.03325250
-0.04103767
-0.00436597
0.05960397
-0.02149137
0.16142963
-0.07352072
-0.03823754
0.03396206
-0.05830902
-0.01081495
0.11212520
0.00130313
-0.07389120
0.02515779
0.05933438
-0.06331777
-0.05000032
0.05059557
-0.02080543
-0.00506704
0.07655750
-0.06680466
0.07038432
0.05817677
0.08470491
-0.01942021
-0.04687265
0.04981510
-0.09236701
0.05656949
0.08677792
-0.00721955
0.07012854
-0.08477583
0.02584494
0.00584342
0.01167715
-0.00531008
-0.04966806
-0.02075363
0.08253513
0.14780405
-0.07130738
-0.09221573
0.10399646
-0.02020117
0.03257429
0.09101728
0.03353405
-0.11128274
-0.12265355
0.01593276
0.07346953
0.07268543
-0.02995834
0.07859404
-0.11001240
-0.01316733
-0.03230381
0.04589336
0.03961729
-0.06888599
-0.04056977
0.01272440
0.00563935
0.10132647
-0.02100144
0.01383598
0.04846270
0.02056652
-0.09419806
0.00990330
0.10097602
0.03807741
0.05706983
-0.03264215
0.06073761
-0.07665978
-0.02633878
0.00860599
-0.02847920
0.13250470
0.06732743
0.02689132
-0.03217473
-0.00671014
0.13355823
0.04804817
0.04480846
-0.00966733
0.05523763
0.07063795
0.06940021
-0.00699892
0.05726934
0.09836573
-0.09028289
-0.11640342
-0.00300992
0.02447850
-0.07767543
0.00272755
-0.09045802
-0.03832658
0.04702583
-0.02531829
0.07194312
-0.00664511
0.09347498
-0.02421918
0.12867789
-0.07256150
0.02858531
-0.00495233
0.07392818
-0.02227895
-0.00438726
0.03294617
-0.06553263
0.00791875
0.01903998
-0.08079518
-0.03190988
0.07980980
-0.22815759
0.11984110
0.14690241
-0.07362968
0.03599630
-0.14875853
0.07664125
0.08121189
0.00107882
-0.09348509
0.01971363
-0.27403137
-0.02887302
0.16435978
-0.21754195
-0.15002456
0.00115595
-0.00971721
-0.12342008
-0.04660656
-0.09207012
-0.14614856
-0.21631163
-0.08575101
-0.07111602
0.06644910
-0.04221679
-0.08533966
-0.11125391
-0.22938290
0.04170236
0.16874143
-0.04795746
-0.12124778
-0.10296423
-0.02289671
0.06267738
-0.04754822
-0.07313427
-0.06866508
0.02954132
0.12920591
-0.28699940
-0.14299050
0.15712745
-0.04379068
0.11868892
-0.03965904
-0.11485326
-0.03855594
-0.20054552
0.12490899
0.04961045
-0.06059386
0.04795120
0.15913622
0.34519717
0.08883911
-0.14450414
-0.01277150
0.00183550
0.10443890
-0.00237943
-0.05208635
-0.00323692
0.04935143
-0.07181960
-0.00133511
0.01314644
0.03635621
0.03245293
-0.10701697
0.02036753
0.01297119
0.03957574
-0.06551893
0.00240397
0.00550838
-0.04965302
-0.01032503
-0.02375479
0.02232893
-0.01991781
-0.01631962
0.03578245
0.01171590
-0.05326855
0.03799916
0.02109010
0.00306842
-0.00629186
-0.04419528
-0.01024783
0.08206655
-0.01795577
-0.01022551
-0.01784170
-0.02651496
0.03227171
0.04596517
0.07001112
-0.06755971
0.00056859
0.04943522
0.04076173
-0.01669865
0.02190313
0.01737494
0.00550024
0.00024303
-0.02788384
0.05593516
0.03278909
-0.02433261
0.05936744
0.05964860
0.01215266
0.06502926
0.04963924
-0.06745080
-0.06253147
0.01355098
0.00298984
-0.04941612
0.01744797
-0.01743209
-0.03646493
0.04622213
-0.06240229
-0.00129117
0.03019891
0.09236316
0.01677597
-0.01002339
-0.07701737
0.06254048
0.04710633
0.03656507
0.09064279
-0.03838694
-0.02648904
-0.02384680
0.03783122
-0.06820104
0.04653282
-0.01783653
-0.01804114
-0.02634754
0.01468421
0.04122667
-0.06244937
-0.03842151
0.01274996
-0.00829106
-0.06078946
0.05588738
0.03460664
-0.02544067
-0.00490991
-0.03283909
0.00333032
-0.07686579
-0.06225027
0.01312387
0.00443133
0.02550157
0.03369699
-0.00081431
0.09310995
-0.03613523
-0.06148015
0.05032516
-0.01330881
-0.01991186
0.00496595
0.03483233
0.05997873
-0.00220183
0.11067066
-0.03206303
-0.00887769
0.01878897
-0.02977980
-0.06405474
0.03448097
-0.02390157
0.05410160
0.04051925
0.03875899
-0.00474248
0.06451751
0.01218898
-0.06072406
-0.02726401
-0.01269521
0.04495753
-0.06670876
-0.04518872
-0.03010242
-0.03184021
-0.05435992
0.06849775
0.03192579
0.05676014
-0.03964388
-0.01108676
-0.01337604
0.05813238
-0.01540769
-0.07413713
-0.06267940
0.02125518
-0.03420558
-0.03063862
0.00512918
-0.00022130
0.01497139
0.05919321
-0.02756199
-0.02133071
-0.02110313
-0.00180427
0.02695949
-0.02066184
0.01657001
0.10218343
0.06797562
0.02707797
0.05085650
-0.00273832
0.10736819
-0.06804080
-0.02613110
-0.00811087
-0.04084308
0.08145009
0.01853679
-0.03848987
0.04503730
0.05227981
-0.04925230
-0.01120753
-0.01653419
0.02066074
-0.02525068
0.00950286
-0.04038600
0.01908488
0.07338474
-0.02812210
0.00967900
0.02909620
0.02770499
0.00621846
-0.05172373
0.08841881
-0.00762042
0.00163330
-0.04542239
-0.02965411
-0.04782855
-0.02976105
-0.04564903
-0.03755249
-0.04828226
-0.01092196
-0.07546978
-0.00714392
0.03349139
0.08902798
-0.04382680
-0.00142465
0.03900759
0.01553679
0.00463463
0.02791838
-0.05354327
0.00476375
0.10644197
-0.03084194
-0.09164719
-0.04635177
-0.01452141
0.05019879
-0.00474376
0.01470588
-0.03719898
0.00552892
-0.02243944
0.03888213
-0.01303481
0.06643885
-0.01081939
-0.04524978
0.00812850
0.02081293
-0.05189668
0.00474586
-0.07302037
0.01413666
0.01630068
0.04232964
-0.02916160
-0.01567299
0.03959792
0.01516231
-0.01235951
-0.03076338
-0.03211479
0.04438142
-0.07921457
0.01358341
0.03343496
0.03474841
0.03964069
-0.00887740
0.02628919
-0.02122754
-0.02176093
0.03783204
-0.11355481
-0.03831421
-0.06113566
-0.02703454
-0.00248361
0.04879116
-0.03062392
0.00153003
-0.04216024
-0.02088506
0.09670118
0.00578665
-0.06345803
-0.00712966
0.01283771
-0.03113196
0.00606836
0.01497812
0.02810850
0.04374977
0.08273971
-0.04893737
0.06930424
0.06182473
-0.05300875
-0.01487588
-0.00928258
-0.05757216
0.00882430
-0.05560530
0.02738751
-0.05423432
0.03349902
-0.02471050
-0.06857089
-0.02606251
0.00111806
-0.00988654
-0.02426574
0.00170119
-0.00984592
0.02485343
-0.06695972
0.02509134
-0.00299294
0.06501903
-0.04242187
0.02174186
-0.07164814
0.02199028
0.00620206
-0.02155516
0.02369031
-0.03580307
0.03096780
-0.02506307
-0.09697513
0.06680974
-0.03311784
-0.04971443
0.03559600
0.01420192
0.03125465
0.00422903
-0.01883015
-0.02545640
0.04396490
0.07477101
0.00149424
0.04191328
-0.00768953
0.06255065
0.04216314
0.05043122
-0.02691849
-0.07009052
0.04336505
0.03213315
0.08085337
-0.06566214
0.00028971
0.03030265
-0.02627360
-0.09357868
-0.02390670
0.00725237
0.03566752
0.02241900
-0.02274548
-0.04844918
0.05911323
-0.06953667
-0.00960036
0.03984401
-0.03135762
0.00781985
-0.09710277
0.02249494
0.03951196
0.04597100
0.07190891
0.02299742
-0.03646639
0.06132288
-0.04607620
-0.06449371
-0.07390680
0.03373742
-0.01022991
-0.02765548
0.04915177
-0.07282891
-0.02069875
-0.04492237
0.00768481
-0.01387031
-0.04018180
0.02066056
-0.03707341
0.03217176
-0.02552062
-0.03641046
-0.00791267
0.03184274
-0.05915527
-0.04410302
-0.04088022
0.05419763
-0.03717875
-0.01753405
-0.03291849
0.00432429
-0.05609726
0.01920230
0.07440392
0.09887430
-0.01299151
0.02181754
0.03313054
-0.00087443
0.02663620
0.02937293
0.06246773
0.05324055
-0.01986205
-0.08175042
0.04761798
0.00978332
0.10633574
-0.03670220
-0.04113559
0.01627579
-0.04169374
-0.05226221
0.06363904
-0.01080574
-0.00052190
0.04597741
0.03700278
-0.05365200
0.01299820
-0.07877789
0.06708904
-0.01090794
0.05657046
-0.00818761
-0.00738355
-0.03977970
-0.01975980
-0.03533750
-0.03798620
-0.03770677
0.02621410
0.02179560
-0.00328666
0.04373969
-0.01052203
0.03562640
-0.05296563
0.00422327
0.01013605
0.04639603
-0.07135397
0.00666377
0.08046033
-0.12175368
0.03222420
-0.02082699
0.01767377
0.04057451
0.00953650
0.03530212
0.08590288
0.05834442
0.00535945
-0.06904659
0.04942141
-0.05841631
-0.01463386
-0.01316733
0.04630680
0.03092578
0.05057307
0.02151520
-0.10458338
0.01503302
-0.02628681
0.08817580
-0.03122549
-0.00795568
-0.00377488
0.03675774
-0.02116878
0.02794248
-0.06484268
0.04717584
0.07749601
-0.07887153
0.05685065
-0.01290262
-0.06932692
0.02424544
0.05889789
0.00553008
-0.05540546
0.02121370
0.06145493
-0.02520568
-0.07008669
0.03274546
-0.02936008
-0.03913571
-0.01661081
0.08686265
0.02177254
0.04243757
-0.06278040
0.00539856
-0.04070452
-0.00714222
0.04909146
-0.07565229
0.01276605
0.08165590
-0.09417924
0.02689272
0.03315683
-0.00861072
0.04375847
-0.02449115
0.02081361
