-0.00173597
-0.00395062
0.02088110
-0.02192642
-0.05240685
0.01326232
0.02549247
0.01898861
0.05384739
0.01942568
-0.14341708
0.01691688
0.05838681
0.05337643
-0.05692775
0.01357764
-0.10914229
-0.13145731
0.05429820
-0.14622818
-0.07473062
0.02390742
0.08506238
0.01693105
-0.00646428
-0.02081095
0.01878229
-0.05068981
-0.04371772
0.04626762
0.00513617
-0.05401252
0.11183294
-0.00956065
-0.02870628
0.05863850
0.03491543
-0.08070761
0.01385499
0.06056156
-0.01599989
0.01342289
0.01931780
0.08756305
0.04875971
-0.03889060
-0.02719527
0.06511083
0.06650490
0.04807797
-0.01556116
-0.01007439
0.02906875
-0.07972767
-0.04084097
-0.04081495
-0.04845344
-0.10831176
0.00941948
0.07790352
-0.04565708
0.06601998
0.05372827
-0.01001976
-0.05228110
-0.04941143
0.04079703
0.01025183
0.09544536
0.02524537
0.02131402
-0.04164511
0.01796227
0.02909902
-0.10801711
0.05489276
0.02555827
-0.12528680
0.06858423
-0.02239324
-0.06384507
-0.07761786
0.03133652
0.02994397
0.00536885
0.01806169
0.04576233
-0.00679923
-0.02809986
-0.00523155
-0.03984586
-0.00483157
-0.09948856
0.07281842
0.08818056
-0.01007211
-0.07962358
0.02544612
-0.05804642
0.11457451
0.01598053
-0.00413178
-0.03292856
-0.00144214
-0.10499121
-0.00098495
-0.11194775
-0.11686657
0.02600175
0.03443530
-0.10418364
0.02327994
0.05949007
-0.03889498
-0.08686846
0.05461840
0.10037021
-0.17769489
-0.06734931
0.07413419
-0.08442586
0.07399178
0.00775904
-0.04599385
0.09326337
-0.01152376
0.10564677
0.01875102
0.04343261
0.01915762
0.03481151
0.07131243
0.09651705
-0.10914457
-0.00569278
-0.07107487
0.03511006
0.04016515
0.10215903
0.05137134
0.04171117
-0.01222384
-0.03343467
0.00272299
-0.09944916
-0.01571345
-0.01410925
0.14544286
-0.05096646
-0.07421128
0.04897323
0.10637544
-0.00311439
-0.01189632
0.08003356
0.07076208
-0.02171655
-0.01404963
-0.10873650
-0.08118977
0.08281477
0.04958814
-0.05587503
-0.03168435
-0.10769017
-0.13463885
-0.01614816
0.02990125
-0.06067901
0.01842443
-0.01303684
-0.05087057
-0.02085722
0.01593102
0.04390388
0.01879771
-0.07087674
0.09701790
0.06286136
-0.14280313
0.03747023
-0.03552763
-0.06668159
0.07295420
0.03951142
0.00693393
-0.01245975
-0.00649853
-0.07176066
0.10882284
0.03173144
-0.15340671
0.07409765
-0.11254575
0.00587799
-0.01656939
-0.05578387
0.06488886
-0.09294377
-0.04660559
0.04424094
-0.03769738
-0.04859727
-0.04747566
-0.00368479
0.14100362
0.10643703
0.00695036
-0.02117212
0.04593316
0.01778937
-0.03730144
-0.03900665
-0.00251787
-0.04849740
-0.09777463
-0.00103830
0.01832486
-0.02086972
0.04330668
-0.11906889
-0.00413297
-0.02708684
0.01450828
-0.09294032
-0.06092329
0.02951272
0.12002647
0.04519935
0.01844802
0.01590170
0.12727360
0.00593779
-0.06079404
-0.05296246
-0.03429969
-0.04730467
-0.01070602
0.01834276
0.08160197
-0.04444828
0.06858619
-0.05014667
-0.00641297
-0.07818562
0.00010566
-0.04190162
0.02775677
-0.00856552
0.09533612
0.07800610
-0.03251305
-0.02616101
0.04294481
-0.13346544
-0.02989493
0.01613495
-0.01170311
-0.06410564
0.02395019
0.15838216
-0.15622826
-0.00808869
0.16805592
0.03677133
0.00058838
-0.12219830
0.00503953
0.12064172
0.01717488
-0.09385032
-0.02664164
-0.25115320
0.05699731
0.15113740
-0.21628548
-0.13376053
-0.01679586
0.06384968
-0.06612192
-0.05138485
-0.10293494
-0.19991755
-0.22098634
-0.10646742
0.04682562
0.01254898
0.05493372
-0.08058952
-0.08464506
-0.22413139
0.01982768
0.14087680
0.00117772
-0.00483350
-0.14486742
-0.06058745
0.13172731
-0.10217170
-0.11907997
-0.01501846
0.01700527
0.16144039
-0.29933232
-0.08382288
0.19021438
-0.04193740
0.11573359
-0.06569196
-0.10811000
-0.11192360
-0.16270241
0.11997520
0.06015183
-0.05875783
0.01747790
0.09693979
0.38298392
0.09585602
-0.16664019
0.06736887
-0.01120017
0.05116157
-0.02480592
0.01136091
0.01120481
-0.00408375
-0.03347759
-0.01250951
0.05309793
-0.03238183
-0.01822096
-0.06039178
0.07711004
0.00666464
-0.03384464
0.01585119
-0.06291138
0.01931313
-0.03794367
-0.11441105
0.02962515
0.03251013
0.00688656
0.06632625
0.03494865
-0.04237092
0.04048129
-0.01487213
0.04565566
-0.01590105
0.05140372
-0.00421936
0.02348746
0.09705982
0.08915101
-0.00033987
0.00087759
0.00230163
-0.02023049
-0.02859546
-0.03669850
-0.01174915
-0.02412818
-0.06400857
-0.02265677
0.04213028
0.05848665
0.02791764
0.06929201
-0.04678925
0.03982524
0.02961242
0.06258699
-0.05936095
-0.03202789
0.03891613
0.06521463
-0.03500911
-0.01629918
0.04074312
0.02625787
0.02512581
0.01318011
-0.02836774
-0.04279507
-0.09485367
0.00286175
-0.06820896
-0.03850994
-0.07745089
-0.00588441
0.01105887
0.00794949
-0.02279301
0.04200211
0.00011166
-0.04325141
-0.04420191
0.08797772
0.01867384
0.05475136
-0.09133998
-0.01679790
-0.02343307
0.01046988
-0.00874023
-0.07499277
-0.05936303
-0.05443152
-0.00941841
-0.01033774
-0.02285739
0.02319432
-0.00177066
-0.00290169
-0.02076682
0.00112659
0.03381404
-0.04732720
-0.03466183
0.00675393
0.01631601
-0.09613451
0.06014003
-0.03389581
0.03274083
-0.02429845
-0.05689214
-0.03686656
0.01532145
0.02055896
-0.08624472
-0.03255101
-0.00601276
-0.09677672
0.07058609
-0.05374415
-0.03559444
0.01657039
0.05822464
0.08291315
0.00396617
-0.06213430
-0.04890651
-0.01187447
0.08103048
-0.02966306
0.05434807
-0.02272569
-0.02405616
-0.01451968
-0.01097921
-0.02765606
0.05202756
0.05138740
0.02900730
0.01886191
-0.07432390
-0.01606813
-0.01764914
-0.03282689
0.04477495
-0.06118342
0.08948845
0.01596826
-0.04752182
-0.02349276
-0.06892752
-0.00290004
0.00636478
-0.01580890
0.01109074
-0.09139603
-0.01433489
0.00059747
0.09785079
-0.00429042
-0.10336662
0.00761675
0.05064698
0.04820974
-0.00733023
-0.00391277
0.01423078
-0.03687472
-0.02540663
0.07021893
0.08606591
0.03938093
-0.04718111
-0.01448587
-0.02368999
-0.05435584
0.04678968
0.04248323
0.02932730
-0.02717398
0.00923898
-0.05032689
0.03216156
-0.00588859
-0.10301711
0.00335201
-0.04827872
-0.00642919
0.00536736
0.05403389
0.02951852
-0.05548883
-0.06351801
-0.05593873
0.02891460
-0.01847698
-0.06056829
0.04274194
0.03017265
-0.01561524
0.06226066
0.05094273
-0.05703792
0.05552386
-0.04102442
-0.00371862
-0.02279788
-0.04355456
-0.05490775
0.07686125
0.05079908
-0.02190747
0.04255658
-0.08958863
0.00528030
0.10021773
0.04490092
0.05880731
-0.02416936
-0.03553170
-0.02660492
-0.03206098
-0.03834363
0.00077988
0.02520765
0.07751087
-0.01867072
-0.01044747
-0.06156740
0.01255417
-0.05975815
-0.04039527
0.01026666
-0.01083669
0.01246793
0.05875545
-0.03687963
-0.02302582
-0.05616358
0.02687687
-0.04951449
0.06469096
-0.00789118
-0.06629995
0.09412485
-0.02554943
-0.00118688
-0.00265944
-0.03510357
-0.04984555
-0.05839446
0.05221747
-0.03274319
-0.08061939
-0.00856833
0.04053609
-0.05164470
-0.04903638
0.06572411
-0.03406346
0.04457834
-0.06229334
0.03267772
0.01028326
-0.00143637
-0.03431952
0.02069353
0.02850808
0.00336933
0.01156206
0.05159755
-0.02469859
0.00427239
0.01296994
-0.06226263
-0.06196749
-0.05866065
-0.02925434
0.04976651
0.06702060
-0.07502931
-0.02539908
-0.05091546
0.04751621
0.06290096
0.03302259
0.01830835
0.01172865
-0.08579087
-0.01563204
0.01963057
-0.01899203
-0.01211316
0.03983130
-0.00262219
-0.01344318
0.00392074
0.04719386
0.02586546
0.08635523
-0.01829456
-0.04907665
-0.04191897
-0.04790039
-0.03005292
0.02964884
-0.00562096
-0.05042021
0.00289845
-0.04327272
0.00816546
0.02054163
0.04584695
-0.07133488
0.01328487
-0.04464105
-0.02449069
0.06825889
0.03360968
-0.02228447
0.02311745
-0.04020743
0.04415518
0.00338463
-0.03674696
-0.03650159
0.00259807
0.09234007
0.00658022
-0.06057394
-0.00957991
-0.00064049
-0.02876931
0.04079978
0.04464692
0.02930276
0.00936413
-0.00416601
-0.03219637
0.05530647
-0.04696535
-0.00927473
0.01871876
-0.00899855
-0.02805480
0.06002036
-0.03157827
-0.01928738
-0.01902301
-0.04835197
0.03276849
-0.02756948
-0.06366318
-0.03925811
-0.00623619
-0.08512990
0.05148386
-0.07724904
0.00577474
0.03126074
-0.02870571
-0.01513710
-0.05873391
-0.06128979
0.03967541
-0.09913046
-0.03236310
-0.03111509
-0.03218449
0.00375416
0.04527246
-0.06796324
-0.05069665
-0.03428691
0.10090507
0.05466882
-0.01198541
-0.00837555
0.00413596
0.03876656
0.00534586
-0.07675742
0.04473909
0.05387098
0.03163144
-0.02168013
-0.02831090
-0.03878732
-0.02593302
-0.02728218
-0.03599946
0.01115350
0.06693075
0.01658116
0.07895721
0.05375608
0.06223851
-0.01136240
0.02883596
-0.03770404
0.03614246
-0.04532265
-0.04752416
0.01273259
-0.04423908
0.01090421
-0.03337429
-0.03931073
-0.01679353
0.01669554
-0.05593441
-0.02185268
-0.05597096
0.04032623
-0.02214473
0.02629983
0.06752421
-0.00380701
0.04333074
0.02806402
-0.02899861
-0.02610396
-0.04033931
0.00473286
-0.02344313
0.03200647
0.05961623
-0.07676735
0.01177790
-0.07969140
0.00458745
0.03541697
0.03440327
0.07543413
-0.08356263
-0.05995123
-0.03759028
0.00420269
0.00353087
0.05711862
0.00617363
-0.04495615
-0.06083022
0.01877746
0.00629789
-0.02521301
0.00416027
0.00423482
-0.00510000
0.01106465
-0.04921974
0.00946930
-0.04082713
-0.08316968
-0.02106095
-0.01740028
-0.04514899
-0.09880566
0.03464831
-0.02461727
-0.03428996
0.05633667
0.09031475
-0.00583269
-0.01442929
-0.02693282
-0.09397674
0.05822630
-0.00091601
0.06236044
-0.00630860
0.03511901
-0.06732220
-0.02102904
0.00137463
-0.00969946
-0.01579619
0.04610383
-0.04342809
-0.00778164
-0.04963677
0.04327308
-0.04046727
0.01116604
-0.06723680
0.00852751
-0.04197392
-0.00378831
0.02074652
-0.06312030
-0.01167060
0.02454599
-0.06199962
0.05698076
-0.08735584
0.09239984
0.03341144
-0.03357026
-0.00200588
-0.03932032
0.01980839
0.01874096
0.05043664
0.02961035
-0.01458909
0.00640576
0.04933568
-0.08290609
-0.04449568
-0.00475984
0.01894075
0.01096855
0.02840261
0.08231656
