0.01934573
-0.03963782
0.03933563
-0.03461515
-0.03897196
-0.00220814
-0.01415662
0.03704962
0.04833307
0.01100985
-0.11973338
0.06640130
0.03522383
0.06418816
-0.05194578
0.02415116
-0.09928398
-0.12535620
0.00868555
-0.18506351
-0.05886641
0.04244249
0.07058494
0.05391211
0.00558530
-0.01190905
0.02147448
-0.03844405
-0.03356889
0.06825701
0.00529970
-0.01830966
0.15099114
0.00746238
-0.05626326
0.08245707
0.04583918
-0.09998475
0.00760712
0.09643055
-0.02520996
-0.00670183
0.02817607
0.05755746
0.04446896
-0.01118083
0.02350333
0.05325491
0.01734075
0.07150533
-0.03125237
-0.00101577
0.01198794
-0.02558624
-0.08133283
-0.04999926
-0.03538226
-0.10588547
0.03329168
0.08564534
-0.02820001
0.03666477
0.02188975
-0.04819435
-0.04142587
-0.01401500
0.00513532
-0.01367601
0.11037329
0.00822229
0.05661253
-0.02035582
0.03943401
0.01633097
-0.12117485
0.05604786
0.00780033
-0.08367944
0.07740007
-0.03920289
-0.08451985
-0.07904477
0.04745500
0.02507290
0.03609210
0.04503482
0.09264383
-0.01467888
-0.07369675
0.02288207
-0.02762957
0.02609031
-0.10930359
0.06696021
0.04363860
-0.02296532
-0.06508909
0.01409358
-0.00249814
0.07639927
0.03391418
-0.01839987
-0.05086233
-0.00880358
-0.10238999
-0.01127048
-0.08789084
-0.07717469
0.05717544
0.05491055
-0.09214687
0.00872913
0.07484727
-0.03317440
-0.09173631
0.06892327
0.12056023
-0.16119057
-0.08730268
0.09101279
-0.08846661
0.09154496
0.02054706
-0.01859285
0.09891689
-0.03674537
0.10788397
-0.00362317
0.04037743
0.03531914
0.03989366
0.09095520
0.10050675
-0.09159593
0.01325215
-0.04113318
0.01561692
0.00474779
0.09024830
0.05460957
0.05441406
0.01175627
-0.00284219
-0.00345906
-0.07091489
0.00747322
-0.04380178
0.12850253
-0.02367692
-0.08752216
0.03099813
0.09938676
-0.01775341
-0.00321817
0.07500173
0.07020938
0.01292970
-0.02511325
-0.08140083
-0.02761524
0.10789500
0.04394289
-0.05086152
-0.03631549
-0.09195460
-0.10915982
-0.02055067
0.05458223
-0.04177102
0.04960929
-0.03194988
-0.07122370
-0.02557607
-0.00603399
-0.00738495
0.02209563
-0.03123064
0.08485558
0.10618521
-0.13871010
0.02862558
-0.01209236
-0.03101825
0.08541064
0.03319638
0.00666113
-0.00527949
-0.01922768
-0.07606436
0.12597443
0.03759268
-0.16616078
0.05477756
-0.11868403
0.01289150
-0.04916178
-0.07725959
0.08713263
-0.08309606
-0.04090604
0.04689318
-0.01757831
-0.05710877
-0.07319780
-0.01565563
0.13684568
0.11788590
-0.01013415
0.01194406
0.03204028
-0.01520764
-0.00257616
0.00047575
0.03815569
-0.07974153
-0.10428828
0.02504818
0.01468821
-0.02657772
0.06916524
-0.09842655
-0.03510104
-0.02681127
0.03453086
-0.09693277
-0.04958098
0.02600340
0.10365722
0.04544330
0.02314334
-0.02696226
0.11653026
-0.00404054
-0.10177305
-0.06856041
-0.00476502
-0.05660199
-0.02935857
0.01674964
0.04770743
-0.04608883
0.06783272
-0.05833414
0.04065060
-0.05040211
-0.01493551
-0.04422615
0.03078835
-0.04094979
0.04862011
0.04446361
-0.05177700
0.00828446
0.04167021
-0.12324671
-0.07374301
0.00612775
-0.07288861
-0.02556880
0.01794458
0.10507821
-0.18905988
0.04973130
0.09355623
-0.01628854
0.03422205
-0.08568291
0.10067552
0.04485497
-0.01957932
0.00031142
0.00362275
-0.18809925
-0.04337900
0.13345493
-0.24613893
-0.17868133
-0.05412088
0.05134233
-0.09220117
-0.04710969
-0.13451077
-0.19151975
-0.22784835
-0.01425335
0.02296068
0.06869906
-0.01722604
0.01521271
-0.04949143
-0.17629583
-0.05242592
0.15150011
0.01496409
-0.04393970
-0.19370538
-0.14232489
0.07908417
-0.10422525
-0.18080860
-0.10602661
0.08979595
0.18295622
-0.24556305
-0.05617493
0.22257337
-0.03045548
0.16835353
-0.02876489
-0.16170262
-0.06756084
-0.17886613
0.10124493
0.09091713
-0.03921014
0.04382525
0.14888014
0.32735652
0.13284573
-0.20323776
0.08449271
-0.01312387
0.02404943
-0.01088642
0.00810108
0.01696031
0.04556134
-0.03595421
0.01530730
0.04454879
-0.03657954
-0.01262745
-0.03691422
0.07759444
0.00724568
-0.02082647
0.01506436
-0.04380435
0.02204663
-0.04861899
-0.06731652
0.00526593
0.03485581
0.01019449
0.05382713
0.02669148
-0.05194035
0.03053116
0.01172852
0.03611343
-0.01576011
0.06182231
-0.01233070
0.02093730
0.10648475
0.10279150
-0.01757221
-0.01845603
0.00237614
-0.03273014
-0.03070484
-0.03397082
0.01553623
0.01073196
-0.06952162
-0.03077146
0.04520315
0.03924495
0.00880853
0.07115246
-0.05846342
0.03624537
0.02384133
0.04581187
-0.04419121
-0.03047792
0.02275824
0.07404792
-0.06344556
-0.02159506
0.03014504
0.02538952
0.01987971
0.01669016
-0.00888986
-0.03410230
-0.07599704
0.01951853
-0.05934918
-0.05074697
-0.08062773
0.00370530
-0.00548238
0.00673910
-0.01786715
0.06578312
-0.00020483
-0.05502719
-0.05973991
0.07160193
0.01772834
0.03603773
-0.08683926
-0.03645695
-0.04039578
-0.00109387
-0.00329545
-0.07424124
-0.04165654
-0.06338166
-0.01429805
0.00575231
-0.02883067
0.04502010
0.01616049
0.00156307
-0.02488827
0.00548393
0.04433381
-0.06576005
-0.01687130
-0.01402860
0.01430857
-0.08901560
0.03419361
-0.03161154
0.04835336
0.00515400
-0.05441893
-0.02995956
0.04081625
0.02291855
-0.08597177
-0.00919731
0.00461561
-0.08017510
0.07644448
-0.07291912
-0.03832424
0.03254070
0.07243383
0.07481689
0.01909566
-0.05520309
-0.03885479
-0.00971856
0.07410686
-0.05697879
0.04747317
-0.03184430
-0.05259299
0.00964862
-0.01719163
-0.02384497
0.05970891
0.01208546
0.00157802
0.03516874
-0.05962415
-0.01734471
-0.02140696
-0.03909636
0.02320209
-0.07807449
0.08065636
0.02021122
-0.04408014
-0.01930488
-0.06013216
-0.01553771
0.02216476
-0.01267132
0.01634468
-0.09909710
-0.01694495
0.01590172
0.09902304
0.00430025
-0.12103584
0.03068862
0.05338325
0.05689721
-0.00867673
0.01256801
0.03169174
-0.03853077
-0.01999091
0.05739009
0.08873521
0.04591605
-0.00482147
-0.03033179
-0.02792679
-0.07050882
0.04225570
0.03829170
0.00970271
-0.04790861
0.02719646
-0.05238885
0.00949585
0.00899023
-0.08138320
-0.00317476
-0.04378544
0.02670437
0.00669487
0.07961208
0.01866757
-0.05503087
-0.05235326
-0.04225006
0.01738747
-0.00143908
-0.02431645
0.06004585
0.03170908
-0.00594373
0.05148689
0.05818847
-0.06278802
0.07010080
-0.03000397
0.01264397
-0.02436841
-0.08269954
-0.05326789
0.05383563
0.06457230
-0.04629111
0.01596236
-0.08423965
0.02075942
0.09561101
0.02487983
0.05531359
-0.03463042
-0.01957444
-0.05833381
-0.03522891
-0.04362127
0.00543214
0.02693320
0.07801145
-0.01252933
-0.00929140
-0.06872360
0.01116185
-0.06562765
-0.01271167
0.01969205
-0.01900397
-0.01064228
0.04082047
-0.02895405
-0.03977249
-0.08644668
0.01410354
-0.03432107
0.06622323
0.00656969
-0.06226882
0.07603130
-0.03680042
0.01434263
-0.03071148
-0.03349015
-0.04250674
-0.05083763
0.04819480
-0.04033639
-0.04785945
0.01514872
0.02132148
-0.06215093
-0.04806209
0.04016604
-0.03941097
0.05700262
-0.07830556
0.02880320
0.01088111
-0.01397724
-0.01419771
0.04434725
0.03948152
-0.01987631
0.02603176
0.05299394
-0.02031085
0.03431017
0.00912224
-0.06045302
-0.03872380
-0.05440693
-0.05386705
0.04797608
0.05774681
-0.08666427
-0.02708920
-0.03353763
0.02333109
0.05317298
0.02684791
0.01812244
0.01000312
-0.07128222
-0.00165797
0.02258847
0.00258928
-0.00815423
0.05043513
0.02310382
0.00052438
-0.01153115
0.05024114
0.02908849
0.07318936
-0.02965137
-0.03322171
-0.05504248
-0.04805505
-0.04428169
0.03549404
-0.00013230
-0.07144432
-0.03556234
-0.03522131
0.00250885
0.02589652
0.05102640
-0.06702774
0.02286392
-0.06009302
0.00581085
0.05770592
0.02154428
-0.00512952
0.02498043
-0.04471186
0.04421419
-0.00856489
-0.04678525
-0.03243571
-0.02570314
0.08742730
-0.00693814
-0.05319406
-0.00177836
-0.00985837
-0.01598712
0.03745613
0.01887893
0.03103329
-0.00266615
0.01024688
-0.02586563
0.04340870
-0.06394949
-0.02361140
0.02479135
-0.01024663
-0.00246828
0.06206095
-0.01302125
-0.01747256
-0.03135499
-0.04577656
0.03492036
-0.00445066
-0.06104676
-0.01527628
0.00731040
-0.09704579
0.02010449
-0.08003891
-0.00106153
0.06075557
-0.05415290
-0.01624200
-0.10545642
-0.05446646
0.03954217
-0.05352205
-0.00781109
-0.01311923
-0.03105419
0.00467965
0.04054562
-0.04935512
-0.01035740
-0.05063818
0.11641954
0.06262389
-0.00873599
-0.02282265
-0.01142196
0.05457431
0.00226874
-0.07950665
0.02689279
0.03100906
0.01330868
-0.01458990
-0.05479480
-0.04472017
-0.03413912
-0.02994038
-0.05534373
0.02448462
0.06808937
0.01361034
0.07274832
0.06752450
0.05410858
0.00759522
0.02940616
-0.03779773
0.02443505
-0.05551817
-0.05091544
-0.00800583
-0.04590136
0.01133259
-0.04379184
-0.01668766
0.00423260
0.01922521
-0.04648248
-0.03053527
-0.03193080
0.05191713
0.00118354
0.03059638
0.06260173
-0.01489990
0.03128486
0.04189741
-0.03739746
-0.05993565
-0.03551629
0.01680667
0.00889960
0.00869250
0.07604749
-0.06128694
0.01278078
-0.07467291
0.01428532
0.03911169
0.02587294
0.08729525
-0.04125603
-0.07467008
-0.02522627
0.00282812
0.01208680
0.06103786
0.00944467
-0.03394619
-0.07173993
0.01338032
-0.01358340
-0.01206650
-0.00809735
0.00524781
0.00597092
0.01697448
-0.03994888
-0.01276861
-0.05534574
-0.08478782
-0.03858899
-0.03869810
-0.06434321
-0.09364703
0.01740415
-0.03285035
-0.01285070
0.05683948
0.09979136
-0.01811465
0.01092186
-0.03245365
-0.09274258
0.06173153
-0.02962779
0.07024448
-0.01416795
0.01169261
-0.07859066
-0.00877208
-0.00205538
0.00035319
-0.02644067
0.04652152
-0.02409009
0.03387537
-0.06152181
0.02135751
-0.04070584
0.03253942
-0.05833711
-0.00160773
-0.05945625
0.00012088
0.00853643
-0.05586408
-0.00933845
0.05940200
-0.07024848
0.05506666
-0.07126172
0.08233697
0.04495424
-0.06459993
-0.03503543
-0.03756412
0.03483533
0.02238788
0.04527039
0.02173801
-0.00244446
0.00298145
0.03385050
-0.05929009
-0.03654738
0.01558854
0.00744731
0.00679722
0.02986981
0.08347515
