-0.01953907
-0.08301695
0.10664876
-0.01348827
0.02497258
-0.05937056
-0.00752100
0.02575548
0.06505122
-0.01464087
-0.10058507
0.02545027
0.07630149
0.04089690
-0.04379558
0.04524626
-0.09321304
-0.13561557
-0.00525306
-0.07519558
-0.06290282
0.01975678
0.06017001
0.01483539
-0.00649565
-0.06108693
-0.00407944
0.03030291
-0.07615688
0.08417387
0.04441534
-0.02768287
0.15180363
0.02583626
-0.00806061
0.02452935
0.12717591
-0.08573656
0.00024600
0.04393136
-0.02832053
-0.05671222
0.00271929
0.03783730
0.02905898
-0.01979895
0.04586476
-0.02408272
0.00483847
0.12287738
-0.04552344
-0.06190271
-0.04814294
0.00292260
-0.13658051
-0.04705328
-0.07000048
-0.09403680
0.02447238
0.10302596
-0.07630945
0.06710026
0.03164389
-0.06901149
-0.06981470
-0.04041482
0.03284505
-0.05575158
0.14175975
0.00851795
0.07367726
0.05490191
0.09159407
0.00338466
-0.09992523
0.12022112
-0.01934517
-0.01310694
0.02748314
0.06018465
-0.04573238
-0.09936985
0.04970600
0.00919070
0.10332664
0.03311975
0.16333671
0.03325062
-0.05219948
0.04775891
-0.02440262
0.04434571
-0.13965410
0.08364227
0.09370350
-0.01761256
-0.01657367
0.06016988
0.05404827
0.01424285
-0.02696154
0.05946020
0.02377617
-0.08146207
-0.04879098
-0.02515767
-0.07183874
-0.03535502
-0.00634976
0.07061408
-0.06077963
0.02070604
0.01130119
-0.05916407
-0.05926146
0.04845033
0.05877471
-0.12533998
-0.04004523
0.03084386
-0.15226553
0.10867037
0.06445560
0.03336136
0.10551658
-0.00978359
0.15185465
0.06914846
0.01534995
0.00786216
0.07953896
0.10578343
0.11344911
-0.03369239
-0.01420270
-0.03566272
0.00720881
0.02873040
0.02624363
0.06378645
0.05877763
0.03051252
-0.01777495
-0.06781860
-0.06403761
-0.01506156
-0.04772105
0.10364909
-0.03035236
-0.07734115
0.01995374
0.06949432
-0.02813181
-0.03270657
0.08725345
0.05666100
0.01945250
0.00595223
-0.04004963
-0.10375202
0.05523404
0.04913614
-0.04894229
0.03138509
-0.08031774
-0.11324935
-0.03365733
0.04390788
-0.07072736
0.07695052
0.01698703
-0.08558872
-0.02514090
-0.03094452
-0.00709075
0.07493809
-0.04556423
-0.00530006
0.04344490
-0.06407642
0.07262235
-0.07698767
-0.03449635
0.05290454
-0.01165540
-0.02353903
-0.02101037
0.01436883
-0.04593197
0.11091166
-0.04561325
-0.17385587
0.00984006
-0.00748252
-0.02807353
-0.01053080
-0.04174590
0.09088647
-0.00532490
-0.02335972
0.05820008
-0.00934986
-0.04264573
0.00027194
-0.05087442
0.13518405
0.09463380
-0.01354005
0.03050138
0.02824880
-0.01408977
0.01456469
-0.03882230
-0.00679822
-0.02495416
-0.10332809
-0.01774960
0.01942240
-0.03374185
-0.00407402
-0.14151618
-0.09852924
0.00520562
-0.01945902
-0.08449429
-0.04322384
0.03133344
0.11825651
0.02468228
-0.05620819
-0.08388798
0.04932546
-0.02168384
-0.10444630
0.01692510
0.00442150
-0.04012239
-0.00336893
0.01735537
0.07971240
-0.05411162
0.02366488
0.02897466
0.02232863
-0.03638960
-0.06219855
-0.01798697
0.02656808
-0.06755082
-0.01777296
0.02824280
-0.04673687
0.04635877
0.06082196
-0.11892095
0.02232541
0.03122951
-0.05225076
-0.02364875
0.01680730
0.17200509
-0.16339932
0.01135030
0.14897680
0.02794994
-0.02998067
-0.12866554
-0.00299216
0.11340694
0.00509808
-0.07277910
-0.01412875
-0.17328091
0.03678560
0.13771164
-0.22201227
-0.17291103
-0.03351093
0.03866882
-0.09359213
-0.04000312
-0.14291209
-0.18607050
-0.21135971
-0.08651534
0.08597992
0.06036813
0.07934667
-0.04684984
-0.06135065
-0.20793982
-0.01720858
0.14055075
0.02861912
-0.01612929
-0.18540198
-0.09303826
0.12230977
-0.13036989
-0.15119937
-0.05756101
0.03276996
0.16891913
-0.30025193
-0.07193335
0.21826476
-0.06741398
0.15510142
-0.06619862
-0.09808233
-0.11436412
-0.15315181
0.10640982
0.04407654
-0.04363857
-0.00183888
0.12142367
0.35869578
0.11807751
-0.13209812
0.06705189
0.06492729
-0.04350172
-0.03650021
-0.02724374
0.06651434
0.07717045
-0.03950514
0.04451979
0.00185794
-0.02284043
-0.02359844
0.00881768
0.02666779
-0.00403925
0.05267572
0.04063939
-0.03580093
0.02576618
-0.05165901
0.01672925
-0.02638366
0.03131068
0.03339731
0.01336745
-0.01398670
0.01133418
0.04704632
0.04071411
0.00820499
0.01670142
0.06022819
-0.00980879
0.00522229
0.06701077
0.06544393
-0.00901579
-0.05977664
0.04130235
-0.04433850
-0.00862824
-0.02534089
0.02096148
-0.01644118
0.00111711
-0.02111663
0.03885139
0.04822459
-0.02241672
0.04394800
0.00905375
0.03500522
-0.01455454
0.03817405
-0.00970160
0.02015617
0.03506644
-0.00400339
-0.07793705
-0.01635109
0.02044692
0.06868146
0.04448582
-0.00901204
0.05987076
-0.01415949
-0.07660224
0.03371353
-0.09007414
-0.04926512
-0.05144642
-0.04032271
-0.02988787
0.05123093
-0.01118488
0.01743589
-0.05921793
-0.03238654
-0.06009024
0.03546967
0.05124274
0.00332031
-0.04039231
-0.10056183
-0.05224970
0.02639371
0.01964995
-0.04375884
-0.01785649
-0.04351632
-0.04738643
0.00359070
-0.06876708
0.07594087
0.03991449
-0.01530232
0.00429058
0.01508211
0.03095345
-0.04023843
0.06013094
0.02831511
0.02374229
-0.12973814
-0.00071595
-0.07850119
0.05982336
-0.00404557
-0.05474031
-0.02827284
0.10059238
0.01543405
-0.02148404
0.07625635
0.03248912
-0.06027377
0.01531205
-0.05417908
-0.02536755
-0.00273793
0.06690351
0.02728429
0.03218792
-0.01667018
-0.00495439
-0.00972998
0.06803246
-0.09678032
-0.01561867
-0.03537733
-0.08835357
0.00830500
-0.04757891
-0.03468741
0.04736922
-0.01399218
-0.04108338
0.01750482
-0.01141763
-0.03800070
-0.02163366
-0.03932249
-0.02426284
-0.04452231
0.06474322
-0.01305727
0.01173642
-0.01471075
-0.10291391
-0.02584200
0.06602073
0.02495682
-0.02240679
-0.09023169
-0.04748372
-0.00501894
0.10776316
0.00531172
-0.11247339
-0.00089662
0.00589130
0.02111822
0.01958194
0.00806746
0.09463084
0.00309495
-0.05936252
0.01420651
0.03467012
-0.02044506
0.02613110
-0.06062578
-0.05103822
-0.09924184
0.06287547
0.00300079
-0.04105558
-0.05369258
0.02999463
-0.06095622
-0.05843856
0.06435328
-0.03462024
-0.04899649
-0.02119425
0.05038258
-0.00379394
0.08464111
-0.04027308
-0.03643516
-0.00580079
-0.03131951
-0.02814324
0.00766467
0.01877971
0.10695773
0.06745347
0.03708171
0.06298661
0.05664724
-0.04081532
0.04298344
-0.01742344
0.02422724
0.03294971
-0.10148150
-0.02572004
0.02390553
0.09562445
-0.04337363
-0.01748082
-0.04841572
0.03453041
0.09776131
0.01962084
0.10829195
-0.01200093
-0.02036170
-0.04680776
-0.04165139
-0.04818403
0.03501010
-0.02841848
0.04396615
-0.05002329
-0.00297527
-0.03521160
0.03038641
-0.02313143
-0.01135225
0.00102808
0.00451769
-0.03271741
0.00799336
-0.01426126
-0.00443278
-0.03326697
0.04517655
0.00052488
0.07909288
-0.00131214
0.00325092
0.02248314
-0.01628731
0.01256183
-0.03560594
-0.02230151
-0.05756107
0.06688522
-0.01241642
-0.04987186
0.05641536
0.03248894
-0.01982800
0.01111786
0.01956244
0.07315155
0.01166056
0.05220588
-0.05208354
-0.00649659
0.03198893
-0.02318602
0.03572569
0.04310787
0.02463141
-0.02669433
0.01617732
0.03317596
0.02372310
0.05184835
-0.00399663
-0.06227767
0.00334105
-0.07394965
-0.10707442
0.02329288
0.03728916
-0.03045380
-0.06465583
-0.01566601
0.00828062
0.03398817
0.06306657
0.00294858
0.03565758
-0.02739192
-0.00682438
0.05575912
-0.00458296
0.00838438
0.05252332
0.02380645
-0.01330828
-0.01697831
0.02192800
-0.02881916
0.02259045
-0.06819434
0.08127849
-0.03772221
-0.02848288
0.01907897
0.07690173
-0.03590814
-0.06480564
-0.07606993
-0.00244668
-0.00808269
0.04671257
0.02895363
0.03365753
-0.00244166
-0.04340865
0.02306132
0.00738291
0.02086719
-0.01605471
-0.01790116
0.01439582
0.04959352
0.00919299
-0.05083558
0.02311291
-0.10202663
0.03388061
-0.02265777
-0.04376571
-0.02251295
0.07266703
0.00766325
0.02888034
-0.00969200
0.02495600
-0.02083158
0.08297842
-0.01077136
0.02107539
-0.04228733
-0.04641752
-0.01697663
-0.01590748
0.03845065
0.01763563
-0.00619018
-0.06433932
-0.05014547
-0.02089411
0.06271206
0.03061770
-0.05549503
0.00840132
0.03248942
-0.04195679
0.02523722
-0.04722888
0.00794273
0.12601821
-0.04744553
-0.05802520
-0.10555737
-0.02100031
0.05990016
-0.00265549
0.02949758
0.01738122
-0.01212463
0.02738722
0.02738199
0.03972981
-0.00355008
-0.02443815
0.07129388
0.01164888
-0.01832080
-0.05748177
0.02818435
0.05001323
0.02293037
-0.08277648
-0.00570902
0.00221618
0.01594973
0.02617831
-0.00262841
-0.07290757
-0.01690216
-0.01662186
-0.06987166
0.00764168
0.07112268
0.00117053
0.03129046
0.01550549
0.03509722
0.03687900
0.01768888
-0.02050075
0.05019385
-0.02420664
0.02752182
-0.00181059
-0.04630386
0.05881486
-0.03138077
-0.02172991
0.04162921
0.01811654
-0.00218201
-0.00586689
0.01452752
0.06562340
0.06099338
0.04364835
0.06502320
-0.04965007
0.00861654
0.03411615
-0.02413831
-0.05130180
-0.01496851
0.03040367
0.03784816
0.01731947
0.07317635
-0.05876722
-0.01525178
-0.00071357
0.02882209
-0.04071258
0.00949753
0.04153579
0.01157578
-0.03838553
-0.03490093
-0.02188492
0.00074556
0.04471437
0.03107187
-0.05093748
-0.05145034
0.00358559
-0.06521459
0.00682584
-0.01078033
0.00856828
0.02510187
0.06754269
-0.06847154
-0.08649081
-0.07454943
-0.02748920
-0.09677274
-0.04458385
-0.09939495
-0.00699383
-0.02378426
0.00270512
-0.01329841
0.03234919
0.08559456
-0.05152087
0.05376845
-0.02398727
-0.05977863
0.10065687
-0.07695353
0.05435777
-0.04827096
-0.03930627
-0.09791533
0.01054357
-0.00512642
-0.02108686
-0.00838983
0.00277812
0.04895727
0.06714667
-0.06527494
0.00949761
-0.08175855
0.00351233
0.01714666
-0.00001754
-0.06886133
-0.01445388
-0.01146088
-0.01589159
-0.04259788
0.08615900
-0.02090753
0.08425540
-0.01539907
0.00879641
0.02529432
-0.06003688
-0.04308181
-0.04050332
0.03310613
-0.01964982
0.04558844
-0.06448678
-0.00084213
0.00543305
-0.01493309
0.02933550
0.01862156
0.03068083
0.00710416
-0.00339447
0.04334129
-0.02420905
