0.00844428
-0.01901200
0.05630526
-0.01006638
-0.02254620
-0.05864946
-0.01850145
0.04806957
0.10441852
0.02680532
-0.09627840
0.02156303
0.13414507
0.08636688
-0.10129660
0.03062735
-0.09065928
-0.15063174
0.02989303
-0.10242680
-0.08388463
0.00911005
0.04225973
0.02002805
-0.01854610
-0.06645527
0.00185900
0.03635251
-0.03372709
0.05271231
0.00144136
-0.00738699
0.11875471
-0.00837362
0.03175596
0.05002403
0.09782322
-0.08987924
0.03025611
0.05985236
-0.07607508
-0.02662876
0.03030861
0.03128530
0.07062177
0.02152547
0.01985353
-0.01359454
0.00814205
0.09010491
-0.02466576
-0.01276509
0.00551174
-0.01118133
-0.10220686
-0.07880570
-0.07717375
-0.11058386
0.02301645
0.06594864
-0.04864142
0.05598925
0.03492431
-0.03165685
-0.05507886
-0.06000786
0.00943265
-0.03407957
0.14303839
-0.00328755
0.06855529
-0.00075044
0.05946729
0.00110877
-0.14200450
0.08126107
0.00979275
-0.10055422
0.06714685
0.03993731
-0.07023009
-0.04146439
0.04095144
-0.02212882
0.07432348
0.04631715
0.11272589
-0.01193093
-0.02858969
-0.02286961
-0.01626315
0.00512770
-0.13423312
0.06237500
0.08828250
-0.07352794
-0.06409682
0.02305427
0.00141442
0.06491917
0.03029403
0.02340361
-0.01023926
-0.04689395
-0.06917090
0.01497151
-0.07357706
-0.04042287
0.01685598
0.07696655
-0.02921483
0.01377176
0.03360641
-0.03018276
-0.05262790
0.07357226
0.05420820
-0.12839963
-0.06128868
0.02590808
-0.15248063
0.06749205
0.04624729
-0.02497892
0.08335174
0.02037304
0.12499268
0.05644912
0.04946309
0.01772379
0.05513516
0.09555899
0.09353643
-0.05193112
-0.00214202
-0.08434983
0.04510283
0.02540110
0.04974302
0.09478487
0.07321769
0.02966000
-0.02199657
-0.04388704
-0.05650139
-0.02821777
-0.04363569
0.17269439
-0.03860050
-0.05132226
0.03360662
0.07942633
-0.01400652
-0.06965841
0.09593907
0.09469904
0.00335658
-0.01964262
-0.07128379
-0.10141785
0.05097523
0.05919678
-0.02077753
0.00010417
-0.06318455
-0.15956403
-0.00654559
0.06859496
-0.03227445
0.06913903
-0.04670728
-0.05606350
0.00516613
-0.01197952
0.02851282
0.05423658
-0.07379901
0.04847216
0.05812432
-0.06875667
0.05286098
-0.03787327
-0.05797793
0.07407908
0.03327212
-0.00965827
-0.02254548
0.02614291
-0.05937916
0.14212081
-0.03583485
-0.14603619
0.01658796
-0.07160100
-0.04274642
-0.05236220
-0.02710536
0.10754514
-0.04810536
-0.05890426
0.03426088
0.00727611
0.00930332
-0.03766814
-0.03981910
0.11872783
0.08260494
-0.03646239
0.02176245
0.07074528
0.05521597
0.03363934
-0.03370115
-0.00060306
-0.03939835
-0.09941396
0.00993461
-0.02788563
-0.00594420
0.03637111
-0.14285827
-0.06529066
0.01482334
-0.05914306
-0.08154304
-0.03629682
0.03943753
0.14018464
0.03704995
-0.10337517
-0.05260271
0.12078708
-0.01007910
-0.04474995
-0.03804655
0.02957988
-0.00495771
-0.05551034
0.03161694
0.03212355
-0.02096595
0.03424405
0.00763839
0.04264496
-0.05011230
-0.02535401
-0.00347929
0.02372235
-0.03806849
0.03457294
0.04539872
-0.03017282
-0.01238824
0.04065432
-0.15580958
0.01049350
-0.12834972
-0.03748446
-0.13100210
0.11836911
-0.04679388
-0.09116072
0.03731650
-0.13386194
0.00161191
0.11657541
-0.03691027
0.20389219
-0.17964900
0.01616103
0.00491668
0.15093878
-0.19594555
-0.06400906
-0.07237250
-0.22991766
0.00043015
0.00219812
0.20219485
-0.04914423
-0.00120844
-0.01115141
-0.08182154
-0.22914921
0.14277174
-0.23152195
-0.05052340
-0.07823563
0.18750212
0.11397788
0.00600112
-0.09091307
0.04825505
-0.09933654
-0.16111878
-0.19691941
-0.10315835
-0.01640753
-0.06856034
0.00583732
0.03967367
0.17674561
0.14603066
-0.16984001
0.06428291
0.09297554
-0.01058444
0.01581543
0.15125279
-0.21455932
-0.00280436
-0.18314494
-0.03183601
0.07664433
-0.16360763
0.12481219
0.11390632
0.19256657
0.11422060
-0.25186312
0.09239123
-0.00501704
0.03875055
-0.00850952
0.02016500
-0.00920446
0.03537872
-0.01297973
0.00776617
0.04352172
-0.00766041
-0.01469634
-0.01666597
0.08303270
0.00822846
-0.03350427
0.00835871
-0.05533227
0.00484712
-0.06536134
-0.06893097
0.02410656
0.03477857
0.00847505
0.05251200
0.04885363
-0.07600662
0.02440682
-0.00036008
0.02853752
-0.01941665
0.05609856
0.00161192
0.00076168
0.10126692
0.10172541
-0.00801989
0.00451887
0.00730472
-0.02675536
-0.03384060
-0.02167276
0.01546080
-0.00554327
-0.07678422
-0.03363587
0.04090496
0.04732587
0.00908400
0.07392522
-0.04450423
0.03729964
0.02748346
0.04650982
-0.03472139
-0.01424253
0.01227358
0.08208430
-0.04623806
-0.00417974
0.03976604
0.01843810
0.01272505
0.01115288
-0.03647485
-0.03081451
-0.08663849
0.01502309
-0.06806466
-0.04126747
-0.08020088
0.00968226
-0.01777766
-0.00495715
-0.00186998
0.05663563
0.00009942
-0.04346818
-0.07909298
0.07204100
-0.00283479
0.03311597
-0.07569662
-0.04053070
-0.03161471
0.01287478
-0.01022625
-0.09241212
-0.02878485
-0.05633062
0.00452574
0.00907980
-0.02851584
0.03484606
0.01004520
0.00885692
-0.03302118
-0.00397434
0.04462708
-0.06424743
-0.03028225
0.00277814
0.01422161
-0.08136871
0.04923933
-0.03828646
0.03224614
-0.00629728
-0.05275931
-0.03354902
0.04464042
0.00976643
-0.10139092
-0.00584527
0.02286893
-0.05013008
0.04981938
-0.09836395
-0.00514253
0.01223828
0.06572427
0.08546466
0.01375921
-0.05393492
-0.03948820
-0.00621778
0.05033622
-0.02824395
0.07147141
-0.02710975
-0.03033259
0.00271714
-0.01620283
-0.01779380
0.06861471
0.02099845
-0.00897675
0.02635417
-0.05143661
0.01152543
-0.02452694
-0.01560934
0.03147657
-0.06314083
0.08082769
0.02312814
-0.02847512
-0.00190809
-0.06151569
-0.02692154
0.02320998
-0.02520111
0.03154643
-0.07840167
0.00035459
0.01023091
0.08610950
0.00641880
-0.11188342
0.02565330
0.04697440
0.02436531
0.00998313
0.01639336
0.04966654
-0.04627306
-0.01341152
0.03884810
0.06508436
0.03934206
-0.04393254
-0.01839242
-0.02048405
-0.06535655
0.03860709
0.04402654
-0.00219375
-0.02442547
0.04015897
-0.06882720
0.01255496
0.02121565
-0.06254342
-0.00954965
-0.03465043
0.01742496
-0.00750551
0.07701238
0.04472128
-0.05082140
-0.05097464
-0.04189927
0.01233654
0.00883296
-0.06054737
0.04349617
0.03031026
-0.00896813
0.04234056
0.05645433
-0.06328231
0.06217982
-0.04870081
0.03967387
-0.03332684
-0.06022525
-0.04342376
0.06385864
0.04812066
-0.03942971
0.00420598
-0.08599836
0.00699680
0.08274917
0.02952634
0.05097199
-0.01970393
-0.01340939
-0.03487563
-0.05475670
-0.06141983
0.02568082
0.03054736
0.07542583
-0.00993557
-0.00574276
-0.06166121
0.00248261
-0.06925526
-0.01866098
0.01222260
-0.01856124
-0.00740404
0.04406838
-0.01985233
-0.03858892
-0.07138538
0.02178008
-0.03590734
0.07408133
-0.01181504
-0.07576989
0.08753690
-0.03722077
0.01124412
-0.03369143
-0.01361069
-0.03440417
-0.04771488
0.03635567
-0.05437551
-0.05255551
0.03083426
0.04169980
-0.04073150
-0.05990525
0.04434194
-0.01964396
0.06170024
-0.07036414
0.02927827
0.01257569
-0.02588879
-0.01336278
0.05268526
0.02355539
-0.00581516
0.01569268
0.05135368
-0.02847170
0.02411813
-0.00280912
-0.05643432
-0.03799524
-0.03702938
-0.05687224
0.04538201
0.04865575
-0.08783812
-0.03011878
-0.02717789
0.02920071
0.03162139
0.05806871
0.00417933
0.02498459
-0.07534225
0.01440997
0.02305297
-0.01720817
-0.03193196
0.04942597
0.02576983
0.02404684
0.00034938
0.04901206
0.02845448
0.08422010
-0.01283457
-0.05201087
-0.05554968
-0.05451673
-0.07128048
0.02762159
0.01125673
-0.08064970
-0.00631483
-0.03612943
0.02075002
0.02965600
0.05499418
-0.07224491
0.01017759
-0.05309111
-0.01146560
0.05157736
0.02794127
-0.00928920
0.01693907
-0.02514560
0.04576793
0.01555785
-0.03791639
-0.05306384
0.00274685
0.11762048
-0.01346839
-0.03781575
0.00016903
-0.01015100
-0.00805974
0.06023781
0.01351613
0.01688805
-0.00751336
0.00621515
-0.02076535
0.03277159
-0.04422982
-0.02301079
0.01378591
-0.01779100
-0.00741457
0.04591129
-0.03034046
-0.02183729
-0.01406781
-0.05941616
0.02860818
-0.01739646
-0.08615554
-0.01820664
0.00805955
-0.08456515
0.04423494
-0.07674143
0.01584967
0.05511410
-0.06976421
-0.01209478
-0.11150292
-0.06160492
0.03269113
-0.06040867
-0.01561688
-0.01531874
-0.01336515
0.02116851
0.06674761
-0.05273895
-0.02177281
-0.05741689
0.11322379
0.06614726
-0.00961303
-0.03428132
-0.01257509
0.06075847
0.00392113
-0.07373872
0.03159954
0.03780638
0.01035155
-0.00889995
-0.06757101
-0.04875340
-0.04138420
-0.02364817
-0.07027130
0.03830292
0.06614464
0.01819409
0.05974417
0.07863817
0.04350687
0.00020499
0.03515974
-0.02735743
0.00993904
-0.05842207
-0.06016384
-0.01945454
-0.05680868
0.00352907
-0.02828804
-0.01933968
-0.01478221
0.02889687
-0.05932756
-0.01203714
-0.04118713
0.04285506
-0.00992346
0.02779567
0.04154057
0.00331946
0.01506297
0.02397076
-0.03659686
-0.03926158
-0.02316710
0.01077400
-0.00541510
0.00465947
0.08482970
-0.06515852
-0.00194497
-0.08054142
0.02767635
0.03965202
0.05651155
0.08495784
-0.05705421
-0.08118836
-0.01907388
-0.00893810
0.00500154
0.03492481
0.00704215
-0.03286723
-0.07097970
0.01521604
-0.01538128
-0.03089347
0.02431150
-0.01180502
0.02407056
0.02724256
-0.02391609
-0.00617984
-0.05695067
-0.07583873
-0.03796506
-0.01722347
-0.04540101
-0.10725261
0.02335690
-0.02460067
-0.01649630
0.06128394
0.08659648
-0.03484375
-0.00222758
-0.01215616
-0.10857618
0.05308015
-0.03130651
0.08663688
-0.02625342
0.04846448
-0.06393707
-0.02434855
0.01914567
-0.01709302
0.00201131
0.04858663
-0.02167682
0.02150206
-0.03392464
0.02639687
-0.04356005
0.00718282
-0.05575925
0.01390051
-0.06645603
0.00625922
0.00551416
-0.07119478
-0.00790674
0.04738878
-0.06888018
0.05294011
-0.06703114
0.10489011
0.01500076
-0.06630123
-0.04093969
-0.03071341
0.05147005
0.04572957
0.04478396
0.02497344
0.01276306
0.02556798
0.03325041
-0.05325181
-0.04594471
0.01341174
0.00266489
-0.01232273
0.01852636
0.08909550
