-0.05442425
-0.08492745
0.08019900
-0.07449678
0.00625597
-0.08416151
-0.00124282
0.10965233
0.06534670
-0.02450391
-0.12945268
0.01397185
0.05781329
0.03524886
-0.04834529
0.04366511
-0.12754683
-0.16487993
0.00012808
-0.06255592
-0.06814741
0.03854246
0.07049295
0.02696970
0.03352724
-0.09854609
0.00787697
0.01245385
-0.03393820
0.05859296
0.06152637
-0.04698745
0.11662900
0.04309508
-0.00100717
-0.00130888
0.10451191
-0.07404350
-0.03084882
0.06333386
-0.00693551
-0.07398460
-0.00797827
0.05447827
0.02547457
0.01167831
0.03297468
-0.06211455
0.03998148
0.14068031
-0.05232876
-0.06804483
-0.05228375
0.01024869
-0.08347193
-0.06670015
-0.03672658
-0.10138851
-0.01175222
0.06545106
-0.06362157
0.10404073
0.05184005
-0.05186301
-0.10636277
-0.03322599
0.02220253
-0.03659942
0.11767846
0.05354699
0.07376806
0.04082819
0.09405939
0.00462801
-0.10478593
0.11263211
-0.01772462
-0.02447834
-0.02738605
0.01190833
-0.02631319
-0.07239606
0.01377830
0.04220357
0.09750315
0.01648457
0.14248256
-0.02290094
-0.04491825
0.07734368
-0.05555797
0.06643671
-0.12228379
0.09631411
0.12614344
0.00541857
-0.02096456
0.01438386
-0.01801713
0.01621788
-0.04080340
-0.00430799
0.05035371
0.00614453
0.00384238
-0.01804953
-0.04603711
-0.03721961
0.01228275
0.03361412
-0.07923751
-0.01908051
0.00513110
-0.07194880
-0.04329107
0.04035351
0.05102463
-0.11854673
-0.04442751
-0.00633432
-0.15635425
0.07901653
0.03671615
-0.01586991
0.13989183
-0.01360579
0.12234740
0.07201415
0.05213657
0.02528048
0.07250928
0.07385431
0.08847065
-0.02350419
-0.06101387
-0.04424599
0.04690565
0.02962030
0.02220244
0.06988925
0.05781049
0.00976286
0.01662213
-0.06860533
-0.06118337
-0.01066701
-0.01417561
0.06053763
-0.05540242
-0.08139240
0.05276568
0.05925191
-0.01296878
-0.05124302
0.04051954
0.07780608
-0.00966404
0.01495169
-0.02628430
-0.07751185
0.03273044
0.04449008
-0.04660872
0.03456244
-0.07861011
-0.06480858
-0.04698639
0.01345803
-0.09771048
0.07025178
0.02889213
-0.08100226
-0.03989788
-0.03046530
0.01037332
0.07250411
0.00431490
0.00498186
0.00883173
-0.06720262
0.08133557
-0.08002906
-0.05148372
0.04238708
-0.02624681
-0.07338060
0.02941995
0.03127135
-0.03640765
0.05087952
-0.08314643
-0.13229068
-0.01705731
-0.02761372
-0.00676610
-0.02309925
-0.06079430
0.06910472
-0.00115975
-0.05450455
0.05843022
-0.06483938
-0.05925496
-0.03691601
-0.07246029
0.15772387
0.07581846
-0.00150424
0.01982155
0.04812727
0.00073526
-0.01773484
-0.01496838
0.03567711
-0.04604355
-0.12499403
-0.00641242
0.03065168
-0.05637450
0.00008186
-0.14481284
-0.10355206
-0.02908220
-0.00638780
-0.08473083
-0.04152730
0.07041527
0.13174912
0.04104743
-0.04680455
-0.09198777
0.04928257
0.00191872
-0.09872500
0.01581374
0.00776403
-0.07604976
-0.00981384
0.03606767
0.08805781
-0.06591988
0.03396684
0.00343628
0.00887475
-0.05436283
-0.05969455
-0.06981900
-0.03014495
-0.04952974
-0.00650316
0.00871489
-0.04539037
0.00480820
0.05174405
-0.15215206
0.00590045
0.01683304
-0.06086927
-0.05540360
0.01903846
0.13819101
-0.14976406
-0.01384686
0.09896400
0.03874634
0.05799896
-0.10837918
0.03625437
0.08357358
0.05427400
-0.04034736
-0.02335043
-0.23040473
0.02268203
0.09425801
-0.25699088
-0.17731836
-0.03952246
0.08468000
-0.02300338
-0.02432908
-0.15980048
-0.20482728
-0.21033326
-0.03741281
0.04864388
-0.00340736
0.02863788
-0.01966828
-0.05746516
-0.19952784
-0.04989544
0.13957235
0.02869134
-0.01692599
-0.20047934
-0.10392448
0.07272377
-0.09708428
-0.15151979
-0.06682629
0.07870277
0.20447339
-0.29499242
-0.03916546
0.20233738
-0.04736995
0.10737601
-0.02555498
-0.12164501
-0.08513849
-0.14227995
0.11870077
0.09858376
-0.07374983
0.03568198
0.05728461
0.38881734
0.09488938
-0.19228920
0.07266209
0.05502449
-0.01195703
-0.01339267
-0.02554144
0.04230034
0.08153746
-0.03130690
0.01753995
-0.00640517
-0.00409474
-0.01904716
0.00307032
0.05412367
-0.01360656
0.00451245
0.02125190
-0.02729228
-0.02146747
-0.04286800
0.00381984
-0.01573829
0.04148090
0.00904932
0.02384101
0.01427349
-0.02861164
0.04082194
0.03705276
0.03746834
-0.01285147
0.06166150
-0.01446997
0.00110615
0.09981388
0.11177649
-0.01595598
-0.03252334
0.02434124
-0.04998763
-0.02098292
-0.01576151
0.03617715
-0.01681825
-0.01546291
-0.02299224
0.03969629
0.07430094
-0.03091909
0.06029731
0.00256900
0.05736588
-0.00098216
0.02401644
-0.00596746
0.00535157
0.01377883
0.03090563
-0.05533737
-0.02400681
0.04065631
0.06665201
0.01551777
-0.01493731
0.03518230
-0.00627369
-0.10234482
0.02617035
-0.08360487
-0.03720847
-0.08886883
0.00883445
-0.04877517
0.01931747
0.00165789
0.04137606
-0.03417562
-0.05199265
-0.08731240
0.06262181
0.03651065
0.02666530
-0.02511377
-0.10110915
-0.03783344
0.02843462
-0.00708329
-0.08051147
0.00310753
-0.03533563
0.00243956
0.00159060
-0.04632846
0.05682926
0.05552860
0.02074698
-0.02091632
-0.02101582
0.04503516
-0.06648877
0.02479082
0.00249745
0.01633401
-0.11321870
0.02007777
-0.07053202
0.03012635
-0.00231192
-0.05668870
-0.02532246
0.07880655
0.01877189
-0.07404296
0.05974818
0.03417802
-0.03773449
-0.00701111
-0.07537127
0.01597991
0.01752410
0.09601244
0.05872251
0.02808405
-0.00845929
-0.01920423
0.01945245
0.05132055
-0.07718977
0.03454017
-0.03174722
-0.06317738
0.01251359
-0.04916066
-0.01417150
0.06340859
-0.00164921
-0.06590309
0.02797538
-0.01393272
-0.01571891
-0.00552608
-0.03253139
-0.01443107
-0.06135573
0.05359380
-0.00072697
-0.00103955
0.00065944
-0.08649923
-0.05458853
0.05919727
-0.01542813
0.02238880
-0.07920586
-0.01248166
-0.00740864
0.10896195
0.01183299
-0.10148719
0.01149866
0.02293634
0.03618335
0.02866983
0.01694605
0.09305460
-0.03838048
-0.03150496
0.00519448
0.03175756
0.01644290
-0.01758778
-0.06813569
-0.03951882
-0.09243243
0.07824406
0.02380574
-0.05976821
-0.03675291
0.03097469
-0.06254616
-0.04285763
0.05516069
-0.04424107
-0.00778759
-0.02578354
0.03354600
-0.01665158
0.09792898
-0.05279311
-0.03883744
0.00635293
-0.02378901
-0.02176171
0.00625906
0.00359808
0.09235781
0.08151824
0.02094077
0.06117165
0.04275338
-0.04903605
0.06682389
-0.02996309
0.04792242
0.01069239
-0.07988767
-0.04955656
0.04189493
0.09040608
-0.04756027
-0.02866368
-0.04957440
0.02685246
0.07975677
0.01227587
0.06374690
-0.01151821
-0.00929308
-0.03228246
-0.03876711
-0.08270389
0.03673108
0.00401946
0.05909610
-0.04618960
-0.01106919
-0.03991714
-0.00409951
-0.06526387
0.01458484
-0.00175125
-0.02186293
-0.03169938
0.01231105
-0.00117335
-0.03743726
-0.07243834
0.04371163
-0.01024897
0.08818715
-0.01068201
-0.02313585
0.04640584
-0.03163798
0.02509375
-0.04023862
-0.00520838
-0.03508744
0.02375199
-0.00450985
-0.06831330
0.02559707
0.06254139
0.00126566
-0.02218226
-0.01779824
0.04757715
0.01403280
0.07812022
-0.05372277
-0.00932128
0.02929391
-0.03555595
0.00841895
0.06853102
0.03278376
-0.01450195
0.02002647
0.00999971
-0.01008973
0.05034967
-0.02542042
-0.05870657
0.00666418
-0.04276644
-0.08613651
0.04801977
0.03162747
-0.03658786
-0.03530964
-0.02060371
0.00617419
0.00951981
0.08184931
-0.00419946
0.04472762
-0.03985384
0.02050460
0.05514103
-0.01349840
-0.02542784
0.04823656
0.05838920
-0.00254361
-0.00119149
0.04985582
-0.00034348
0.06705637
-0.04245082
0.04472778
-0.06010423
-0.03179457
-0.01816216
0.02836986
-0.00172449
-0.08166255
-0.05169430
0.00159268
0.00770181
0.04694208
0.05040454
0.01168588
-0.00126522
-0.05216569
0.00330251
0.03030377
0.02100071
-0.00984889
-0.02293625
0.01334229
0.05315637
0.02799911
-0.01557212
-0.02399309
-0.08841456
0.06755202
-0.04875457
-0.04962022
-0.00592993
0.04476183
0.01557512
0.04943649
-0.03084825
0.01246602
-0.05254941
0.05475532
-0.00788693
0.00941603
-0.05866218
-0.06068918
0.00399501
-0.02612071
0.03266286
0.02956970
-0.01764160
-0.05287450
-0.02084257
-0.02552881
0.03621716
0.00713217
-0.06391235
-0.00222443
0.00174932
-0.05386878
0.04369750
-0.03343339
0.00656843
0.08576071
-0.05918095
-0.05885205
-0.12576488
-0.05303307
0.02665660
0.00655669
0.02683967
0.00019507
0.00568950
0.04104503
0.05990064
0.00909205
0.01626093
-0.03537955
0.08647069
0.03475880
-0.00721981
-0.05576872
0.00247872
0.04554264
-0.00530727
-0.09170461
0.01346849
-0.00616290
0.01854993
-0.00405927
-0.04588362
-0.08248782
-0.05721657
-0.00965957
-0.05984285
0.02407546
0.07266293
-0.01411864
0.01379711
0.05934312
0.04271337
0.01776592
0.02763886
-0.01181887
0.02069765
-0.04779894
0.00071072
0.00865614
-0.06818050
0.03192718
-0.03471115
0.00435338
0.02086435
0.02327579
-0.04453676
-0.00972826
0.02810003
0.05684924
0.02634824
0.04187290
0.06835309
-0.01772579
0.02199461
0.01479662
-0.03139259
-0.06649289
-0.02348769
0.01660631
0.03975701
-0.00080877
0.08241449
-0.05832157
-0.00297665
-0.02717376
0.03506177
0.00537698
0.03140952
0.06521544
-0.01159121
-0.08540031
-0.02132266
-0.01938195
0.00095610
0.02413836
-0.00366407
-0.03064016
-0.05962466
0.02605900
-0.08363537
-0.01347044
-0.00818180
-0.01181564
0.04928268
0.05420810
-0.05502453
-0.09169136
-0.07561009
-0.05274959
-0.08427031
-0.06193997
-0.07580946
-0.05566099
0.00157437
-0.02128158
-0.02310301
0.03794430
0.08578304
-0.05268145
0.05712371
-0.04689850
-0.07601812
0.10649663
-0.06328265
0.09005088
-0.04250281
0.00255862
-0.06286969
-0.00194077
-0.01055876
-0.03620734
0.00332872
0.02147648
0.03240798
0.05716019
-0.06509968
-0.00314048
-0.10200892
-0.00124611
-0.01080940
0.01297615
-0.06551550
-0.00443487
0.00744406
-0.02636700
-0.03750407
0.06314579
-0.05197648
0.07300784
-0.03099561
0.04673685
-0.01465978
-0.05630789
-0.06270908
-0.03719553
0.04482905
0.02680096
0.02602686
-0.03325541
0.00159502
0.00017280
-0.01394685
0.01814932
-0.01657667
0.01429030
-0.01166091
-0.00401883
0.03575183
0.01878630
