0.00203935
-0.10289306
0.07501820
-0.06228093
0.01174236
-0.06003255
-0.03938590
0.06037803
0.07333872
-0.01935243
-0.11301181
0.08046988
0.01356483
0.05063947
-0.04207003
0.01881011
-0.11290093
-0.12872191
-0.02794388
-0.14725478
-0.03085843
0.06622230
0.06223520
0.05924120
0.02051565
-0.06969308
0.00300428
-0.01699888
-0.03131142
0.07083021
0.04255254
-0.01919552
0.15785956
0.05035326
-0.06584083
0.04576384
0.07435309
-0.07446860
-0.02091662
0.08865543
-0.01964798
-0.06593657
0.01009248
0.06684621
0.03315539
-0.00089486
0.04770809
-0.00627099
0.01104579
0.13511209
-0.06028746
-0.01527310
-0.05308597
0.01842584
-0.12301931
-0.05462598
-0.02833651
-0.10190126
0.01068093
0.08830266
-0.05779459
0.05742992
0.03734794
-0.06269458
-0.05703623
0.01201926
-0.01772196
-0.03650535
0.13034829
0.01340474
0.09703562
0.05165991
0.06856625
0.00061646
-0.11399727
0.07863063
0.00315572
-0.01599628
0.02412203
-0.03071625
-0.06124429
-0.08603151
0.00869563
0.04214352
0.07986633
0.03282923
0.12435973
-0.03572555
-0.08899797
0.07323036
-0.02728442
0.06621743
-0.10594496
0.08541279
0.05124364
-0.00348803
-0.05069723
0.00226673
0.01821809
0.01527429
0.00166313
-0.03269902
-0.00966848
-0.01767826
-0.04854426
-0.02601507
-0.03623173
-0.04445606
0.03598290
0.05139054
-0.09422464
-0.00507167
0.06540643
-0.04702392
-0.06299826
0.07490613
0.11069440
-0.12278197
-0.07303056
0.06659093
-0.10764339
0.08320574
0.02570401
0.02444378
0.11158894
-0.03352611
0.12541270
0.00302282
0.02197815
0.04258867
0.02418596
0.09375317
0.11384898
-0.02194813
-0.00579789
-0.00382605
0.01786445
-0.00803180
0.04904628
0.05797500
0.08683151
0.00889385
0.02372196
-0.02366429
-0.04789304
0.02145245
-0.03904997
0.07922000
-0.01971171
-0.08527064
0.02767977
0.05152260
-0.01298835
-0.00069054
0.04325351
0.07417165
0.02256567
-0.02814190
-0.01209415
-0.03188726
0.10817394
0.03279267
-0.03457675
-0.02011500
-0.07932261
-0.06833027
-0.02334615
0.03230786
-0.06256381
0.06718003
-0.01979559
-0.08579427
-0.03679659
-0.03134502
-0.03589021
0.06336421
0.02081663
0.06568620
0.08351813
-0.09801289
0.05107063
-0.05345344
-0.01351500
0.06620430
0.00588895
-0.02918949
0.00898537
0.00159441
-0.06761590
0.08845988
-0.01017061
-0.15795533
0.01313419
-0.08266852
0.00078175
-0.06135950
-0.08925597
0.07003162
-0.04095358
-0.02966817
0.05575733
-0.03550576
-0.05727123
-0.10441566
-0.05352747
0.14390765
0.12145764
0.00104904
0.03615518
0.02461652
-0.03902891
0.00985198
0.03122516
0.06098994
-0.09077542
-0.10752346
0.01957068
0.00849975
-0.06367578
0.06227456
-0.13274640
-0.07114191
-0.04326584
0.03709051
-0.08404827
-0.03431996
0.07319267
0.08350961
0.00729099
-0.00001503
-0.08861541
0.09231470
-0.03909053
-0.13988198
-0.03963496
0.00761662
-0.06695909
-0.03363143
0.02075081
0.06668854
-0.08412734
0.06581685
-0.04121878
0.04464642
-0.02896150
-0.04000968
-0.05961071
0.00219508
-0.06043462
-0.01069030
0.02011572
-0.05884449
0.03519493
0.05065950
-0.12150162
-0.06586745
0.07341944
-0.00744130
-0.05368656
-0.02703791
0.14077967
-0.18542279
0.03545131
0.14329286
-0.00338348
0.04172466
-0.15241431
0.05763608
0.11697555
0.00934975
-0.08246128
-0.07529978
-0.24033327
-0.02083304
0.13607715
-0.23125032
-0.16756691
-0.04771583
0.05612183
-0.03135413
-0.00430471
-0.11769466
-0.16253723
-0.17674208
-0.11814462
0.03596362
0.04622463
-0.00343457
-0.11903501
-0.10771775
-0.24117884
0.00585858
0.15772800
0.04453580
-0.04549545
-0.12361385
-0.05622025
0.08912061
-0.09472467
-0.15482514
-0.05452041
0.05576601
0.16235131
-0.29761696
-0.10918390
0.19670708
-0.02443544
0.12626107
-0.01896376
-0.08870605
-0.07701556
-0.12268942
0.15744062
0.08106334
-0.03835208
0.01146233
0.09665753
0.37683812
0.08059358
-0.16242558
0.07572376
0.00255544
0.01227928
-0.01178467
-0.01884175
0.03556567
0.04860016
-0.03819988
0.05156563
0.02391206
-0.03911998
-0.00083666
-0.03523577
0.07820900
0.00424129
-0.00454437
0.01856817
-0.02368574
0.02214186
-0.03444000
-0.05158781
-0.01063467
0.03372866
0.01092004
0.04177035
0.02634257
-0.05544086
0.05069295
0.02881808
0.01954730
-0.01221136
0.06269763
-0.02445764
0.02642102
0.10215177
0.09963160
-0.02617193
-0.02057967
-0.00308030
-0.04469322
-0.02722597
-0.04524266
0.00789155
0.02422919
-0.05668676
-0.02134284
0.02871059
0.03767633
-0.02959873
0.06587111
-0.05111697
0.03204244
0.01506632
0.03397961
-0.01939609
-0.02382225
0.01160675
0.05518584
-0.07044908
-0.02525885
0.01810535
0.04547177
0.02702382
0.00470355
0.01456462
-0.02477137
-0.07097251
0.02281294
-0.05217393
-0.05498976
-0.07324120
-0.00737560
-0.00952605
0.00249085
-0.00337114
0.05067705
0.01026999
-0.06349899
-0.07192824
0.06553107
0.01254536
0.03106528
-0.05819686
-0.04447662
-0.04135684
-0.00119744
-0.01858114
-0.07042993
-0.03594263
-0.05155023
-0.02708179
0.00911127
-0.03385200
0.04761666
0.03106799
0.00931670
-0.03377284
-0.00644539
0.05220756
-0.07746937
-0.00626413
-0.01845466
0.02213949
-0.09462735
0.03059370
-0.04098329
0.04675816
0.00099537
-0.05748070
-0.02495210
0.05322995
0.02487575
-0.09042394
0.01993865
0.00966821
-0.07974750
0.07889352
-0.06151458
-0.05407393
0.01966004
0.06545977
0.06716398
0.02478441
-0.04338013
-0.03664402
0.00589600
0.07791550
-0.09054550
0.02718728
-0.04174689
-0.07050737
0.04899505
-0.01601554
-0.01955718
0.07320937
0.00512434
-0.00581661
0.04174311
-0.04337938
-0.02663456
-0.02490079
-0.03502232
-0.00637130
-0.07897583
0.06750979
0.01470440
-0.03901829
-0.01590205
-0.07087630
-0.01484125
0.03281469
-0.00810192
0.02680651
-0.10492980
-0.01621236
0.02043933
0.09418582
0.00345552
-0.13054442
0.04356201
0.04643823
0.05071826
-0.01530672
0.02119917
0.04787080
-0.04432309
-0.02174990
0.04223039
0.07759975
0.04274261
0.02039864
-0.04223630
-0.04291488
-0.09334368
0.05294754
0.03964923
-0.00997645
-0.05564039
0.02867332
-0.07335875
0.00079830
0.02393036
-0.08304997
-0.01724300
-0.04698421
0.02878356
0.00990787
0.09678193
0.01352422
-0.04241052
-0.04612271
-0.04611938
-0.00521823
-0.01048697
0.00442787
0.07776733
0.04165143
0.00919805
0.04962878
0.05399614
-0.05791750
0.08019592
-0.01451640
0.01745061
-0.00798783
-0.10186443
-0.06019631
0.05315485
0.06280900
-0.03991156
0.01073452
-0.07218049
0.02694019
0.09489004
0.00215444
0.06435603
-0.01423339
-0.01311205
-0.06561698
-0.04096437
-0.04429633
0.00870589
0.03137525
0.06676541
-0.02028803
-0.00253652
-0.04892419
0.01418397
-0.06385060
0.01033760
0.03166790
-0.02614765
-0.01433415
0.04251341
-0.03542044
-0.03195927
-0.07925939
0.00963698
-0.03805235
0.06236608
-0.00234534
-0.05437612
0.07417609
-0.04307953
0.03172573
-0.04337918
-0.04303561
-0.02972475
-0.03673476
0.05651580
-0.04691186
-0.01495312
0.04480142
0.02470761
-0.05905348
-0.04065187
0.02548465
-0.03907682
0.04765853
-0.08911943
0.01706899
0.03097039
0.00334308
0.00064068
0.03994178
0.04853158
-0.02054236
0.02079239
0.06498708
-0.01840294
0.05634954
0.00883887
-0.06439622
-0.03147060
-0.05959290
-0.06432623
0.03396858
0.04393695
-0.07411483
-0.03223529
-0.03218385
0.02090078
0.04307885
0.03599704
0.00522310
0.00773538
-0.03875077
0.00196081
0.02636828
0.00003577
-0.00994865
0.06119430
0.03345441
-0.01069157
-0.01201272
0.04450441
0.01583347
0.06873713
-0.02930111
-0.01660533
-0.06993219
-0.04880781
-0.04387530
0.03623340
0.00679352
-0.07490279
-0.05782675
-0.00856960
-0.00101372
0.03229391
0.06047667
-0.05382904
0.03087601
-0.06297804
0.03866236
0.03843857
0.01451545
-0.00474143
0.02216087
-0.04004387
0.04194097
0.00813557
-0.04339278
-0.02124402
-0.06146781
0.08166607
-0.01690374
-0.04900894
-0.00548590
-0.02034913
-0.00258250
0.02824483
-0.00381476
0.03214860
-0.00156499
0.02246468
-0.01492636
0.04096890
-0.06445256
-0.03820211
0.02729833
-0.00685041
-0.01068795
0.06065748
-0.00182764
-0.01435170
-0.03380875
-0.04004635
0.04597384
0.01477912
-0.05683482
-0.01040090
0.02413886
-0.10605276
0.01886426
-0.06729594
-0.00253566
0.07604099
-0.05387762
-0.02068888
-0.11015245
-0.05663335
0.03696177
-0.03221852
-0.01001992
-0.03734956
-0.04332510
0.02399568
0.04281075
-0.04365778
0.01225427
-0.06284479
0.11075849
0.06051841
-0.02687276
-0.02970808
-0.00789235
0.05532212
-0.00828067
-0.09399989
0.01884688
0.00404043
0.00483678
-0.00717426
-0.05865070
-0.06418220
-0.01651575
-0.02088130
-0.04854985
0.03217966
0.05799390
0.00861915
0.05982307
0.07044642
0.05891211
0.02223818
0.03796519
-0.03359839
0.04424143
-0.06821606
-0.03226696
0.00136198
-0.03997776
0.01014354
-0.05075644
-0.00939228
0.02526162
-0.00035809
-0.03322622
-0.04061851
-0.01353612
0.06608515
0.02849035
0.04118896
0.06090742
-0.03032556
0.01976940
0.06007354
-0.03085860
-0.06627559
-0.03290855
0.02075040
0.03757587
-0.00781406
0.06448141
-0.05508624
0.00064603
-0.03850798
0.01360692
0.03644475
0.02432998
0.08304504
-0.02618143
-0.07785154
-0.01666616
-0.00586905
0.01561760
0.04725655
0.01442860
-0.04356909
-0.09409278
0.02143527
-0.01397914
-0.00253825
-0.00347952
0.01776605
0.00686352
0.03042288
-0.04283979
-0.04179008
-0.06732388
-0.07801779
-0.05226116
-0.03762032
-0.06928924
-0.05789578
0.00825749
-0.02977243
0.01814638
0.04722197
0.08476609
-0.01946368
0.03434138
-0.04754752
-0.07508893
0.04834401
-0.03915397
0.06877947
-0.02207011
0.00726354
-0.07649565
0.01170433
-0.00766879
-0.00156251
-0.03251955
0.01924648
-0.02032602
0.04569772
-0.05881709
0.02210514
-0.04934281
0.02823276
-0.04170379
-0.02119264
-0.05606782
0.00205391
-0.00134183
-0.04065729
0.00515139
0.06814907
-0.06167797
0.05284580
-0.08077634
0.06512257
0.04244839
-0.05862384
-0.02403488
-0.04220822
0.04323115
0.04227164
0.04302369
0.00306985
-0.00022557
0.00025065
0.02093042
-0.03287650
-0.03146802
0.00774190
0.02303280
-0.00115497
0.04029368
0.06489153
