0.01431441
-0.04241161
0.07820096
-0.01730144
0.00059336
-0.03993181
-0.02492881
0.03041165
0.06718838
0.00751021
-0.08603112
0.06292863
0.08198065
0.04963261
-0.05586118
0.03555520
-0.10530987
-0.12231933
0.01241730
-0.11676133
-0.07142878
0.01503265
0.04812573
0.02579821
-0.01071103
-0.05097435
0.01547102
0.02655387
-0.07323032
0.09455165
0.01263060
-0.00748907
0.17422470
-0.00209941
-0.01556592
0.05563098
0.09611387
-0.08411788
0.01444183
0.06026929
-0.04060552
-0.04144382
0.02463882
0.01831000
0.05858469
0.01728228
0.04580469
0.01932558
-0.00010787
0.08813341
-0.04195726
-0.00502573
-0.00719497
0.01345358
-0.13416882
-0.06316048
-0.05977015
-0.09234308
0.03936727
0.10757778
-0.05284562
0.03924793
0.00326681
-0.07886835
-0.05727481
-0.03831270
-0.00087503
-0.04088642
0.14029109
0.01091167
0.08528045
0.00631430
0.09167470
-0.01854758
-0.10883787
0.09765255
-0.01788248
-0.03783880
0.05116373
0.04956734
-0.08090314
-0.05970383
0.06734229
-0.00795837
0.08931033
0.04441482
0.16322941
0.02375940
-0.05457730
0.04294262
-0.01417006
0.03325481
-0.13854223
0.07282625
0.07189887
-0.03471092
-0.03102870
0.03317463
0.03591367
0.04376251
0.03071921
0.01398851
-0.00681377
-0.08027659
-0.08620011
-0.01436387
-0.08464739
-0.03152271
0.03020497
0.07546758
-0.05312629
0.02439768
0.02774193
-0.04917016
-0.08918428
0.05290055
0.07283697
-0.12758796
-0.07762660
0.06775976
-0.13246895
0.11382998
0.06615794
0.01381585
0.09317651
-0.03819867
0.15298791
0.05588682
0.03188939
0.02524422
0.06763254
0.12668326
0.10214972
-0.04797412
0.01897241
-0.04595333
0.01251181
-0.00067811
0.05314613
0.07676371
0.07037295
0.06374137
-0.00124703
-0.04695350
-0.04571606
-0.00709122
-0.03948124
0.13549106
-0.02715003
-0.05594108
0.02992660
0.08725926
-0.02903782
-0.02623839
0.09428993
0.06237427
0.00993400
-0.01065814
-0.06559100
-0.05959832
0.08442537
0.06760628
-0.05728530
0.00948436
-0.07112438
-0.13019550
-0.00230986
0.06060808
-0.02463127
0.08314262
-0.03175056
-0.07704729
0.00119567
-0.00043383
-0.01340806
0.03619484
-0.05188837
0.04140516
0.08012398
-0.08644154
0.05774365
-0.03813625
-0.02707246
0.08628526
0.02521449
-0.01707580
-0.02130041
-0.01685790
-0.05593814
0.12890400
-0.02362758
-0.16664501
0.01513440
-0.05196005
-0.01432655
-0.05761366
-0.05296796
0.09875765
-0.03726420
-0.03334229
0.05512294
0.00266682
-0.02084645
-0.03195218
-0.03252000
0.12596947
0.10372717
-0.03934893
0.02801101
0.03577572
0.00390579
0.02922395
-0.02301139
0.02669255
-0.04434913
-0.10573734
0.00801299
-0.00121646
-0.01163258
0.03201142
-0.11787827
-0.09481809
0.00543286
-0.01260197
-0.08163417
-0.04984096
0.01373059
0.12769859
0.04479200
-0.04145638
-0.07344054
0.08740081
-0.00057809
-0.09900061
-0.04262831
0.00650693
-0.02656120
-0.03328183
0.00326536
0.05019437
-0.03148879
0.04254069
-0.01403100
0.06325050
-0.02143149
-0.03694167
-0.01325062
0.02971502
-0.07389270
0.01151569
0.02731031
-0.04272014
0.04378760
0.03931813
-0.12583652
0.00068694
-0.02494628
-0.08156785
-0.01995206
0.00930622
0.09863183
-0.18503934
0.05182831
0.08473739
-0.00691380
0.02426780
-0.09068007
0.08360086
0.03921646
0.00910483
0.02440546
0.02818420
-0.19386995
-0.04630873
0.12061685
-0.24236631
-0.18374571
-0.03811174
0.04275733
-0.10278224
-0.03764177
-0.14875233
-0.20769356
-0.21410109
-0.00068056
-0.00735629
0.05502343
-0.01183258
0.02378983
-0.05304176
-0.16712856
-0.05109078
0.15337867
0.01062740
-0.06654932
-0.21920337
-0.15874428
0.06762729
-0.10731387
-0.17260876
-0.11818240
0.10666187
0.20934211
-0.22873066
-0.02291450
0.22694431
-0.06793918
0.15543491
-0.01800754
-0.17286445
-0.06110846
-0.19315729
0.08618588
0.06553871
-0.06205830
0.03047704
0.13583507
0.32009202
0.12402683
-0.18899153
0.07799555
0.04768375
-0.03963261
-0.01653923
-0.01412128
0.06930227
0.05843284
-0.04127128
0.03121894
-0.02635093
-0.01655904
-0.00652158
-0.00117887
0.05361304
0.00158412
-0.00201831
0.03319444
-0.04505718
0.01014293
-0.05331804
0.00958846
-0.03065966
0.01101810
0.03122319
-0.00226991
0.01496986
-0.01570984
0.01262622
0.03777080
0.01550226
0.01660083
0.05737633
-0.03611514
-0.03004122
0.07833201
0.07791576
-0.01500526
-0.05500567
0.04557804
-0.04757042
-0.01778046
-0.00820402
0.01180413
-0.00888031
-0.01028759
-0.01741459
0.04364803
0.04477854
-0.01367216
0.06890993
0.01573365
0.04590553
0.00218665
0.03262556
-0.03758088
0.03720741
0.03205345
0.03817591
-0.06738776
-0.00408931
0.03374861
0.06467633
0.01631417
-0.04158075
0.03137824
-0.01262183
-0.08131909
0.03479147
-0.08835378
-0.03845154
-0.05680129
-0.00616049
-0.05339349
0.00813102
-0.00444004
0.03356092
-0.05717868
-0.05211465
-0.06856395
0.05538872
0.03063948
0.02432958
-0.05121730
-0.10452883
-0.05771723
0.03636557
0.01604007
-0.04995944
-0.01125264
-0.08044538
0.00124858
-0.01689378
-0.05816077
0.08483732
0.05010317
0.03528169
-0.01971662
-0.01520731
0.03088918
-0.04999984
0.05201734
0.02350692
0.02626818
-0.12437554
0.01137751
-0.05471821
0.04666774
-0.00532400
-0.04599740
-0.01443578
0.10086802
0.01984153
-0.05059026
0.05289271
0.03482331
-0.05095838
0.02155954
-0.09099083
-0.00414030
0.01525269
0.07802773
0.04773201
0.02629528
-0.01898235
-0.03164000
0.00475338
0.04326235
-0.04991844
0.00405996
-0.03606256
-0.07118566
0.01295421
-0.04602038
-0.03117322
0.06070573
-0.01950862
-0.04632226
0.02464503
-0.03149256
-0.01557878
-0.03361614
-0.02320726
0.00319666
-0.05634798
0.07630423
-0.01547002
-0.01536412
-0.01421202
-0.08102508
-0.05179346
0.04396761
0.02190313
0.00413439
-0.08995153
-0.05284211
0.00777131
0.09294667
0.01364381
-0.10816396
0.01799287
0.02749282
0.01247094
0.02237922
0.01799987
0.09349672
0.00022092
-0.03727056
0.00460273
0.05076430
0.01038378
-0.00299733
-0.04927962
-0.05240927
-0.10023487
0.05664393
0.00649310
-0.04024701
-0.01942242
0.03602494
-0.06466386
-0.04377956
0.04673902
-0.04014202
-0.01980399
-0.02624615
0.03567740
-0.01320872
0.07474695
-0.03089014
-0.03051460
0.01944751
-0.01929181
-0.01347856
0.00662347
0.01104002
0.08859108
0.07977759
0.01467202
0.05713620
0.05236404
-0.05986058
0.04797899
-0.03781160
0.03841609
0.00409548
-0.07153422
-0.03987755
0.04617932
0.08913808
-0.08035341
-0.05807287
-0.04415508
0.02618747
0.08887798
0.04927026
0.11005318
-0.00860455
-0.01859080
-0.03327645
-0.04850119
-0.07051605
0.04508631
-0.02872992
0.05386488
-0.06362971
0.00681100
-0.03483983
0.02170769
-0.04698277
-0.01051304
0.02621212
0.00744402
0.00093710
0.01361143
-0.00018006
-0.01625937
-0.04496931
0.02444936
0.00563754
0.08345921
0.01864444
-0.02728932
0.05464354
-0.03728879
0.02109523
-0.02368689
-0.00945290
-0.03504068
0.03926631
-0.03180277
-0.05440206
0.00748129
0.05080696
-0.00839462
-0.00572457
0.00322050
0.05565114
0.00430129
0.05757413
-0.06840181
0.03070622
0.01957399
-0.05392140
0.00974813
0.06700864
0.02822120
-0.03400302
0.03308034
0.02664569
0.02378721
0.05194678
-0.02545681
-0.07203887
-0.00788078
-0.05167042
-0.09534142
0.01742033
0.05415472
-0.05274674
-0.06049841
0.00960191
0.00577789
0.01719240
0.07237124
0.01095664
0.04559270
-0.05898389
0.01545524
0.06382089
0.00592601
0.00255307
0.05566905
0.02212169
0.01596462
-0.02138591
0.05901756
-0.01229730
0.05010159
-0.05109191
0.05320842
-0.04226375
-0.03943250
-0.02240048
0.05413970
0.00093051
-0.08160015
-0.04193228
-0.01588936
0.02454903
0.05032690
0.03911833
-0.00261410
0.00090440
-0.04044863
0.01916113
0.01834374
0.01762731
-0.02372750
-0.00824038
0.00865089
0.04879729
0.02005387
-0.03106624
-0.01278381
-0.08939314
0.07804269
-0.01713389
-0.06138121
-0.02868530
0.04415856
-0.00562051
0.02199496
-0.00059409
-0.00223857
-0.03255900
0.04643807
-0.02648506
0.00913135
-0.04109664
-0.02361218
-0.03308210
-0.03638468
0.04739840
0.02094382
-0.05027835
-0.04041267
-0.04215139
-0.02868734
0.04336807
0.01802060
-0.03847165
-0.00839750
0.01475798
-0.04912115
0.02319262
-0.05883389
0.00512763
0.10086758
-0.07675257
-0.03625805
-0.12970580
-0.06000178
0.04567865
-0.00844547
0.05578344
0.01640414
-0.00473654
0.05178126
0.03368584
0.02139620
-0.00517674
-0.03937104
0.07857476
0.02050694
-0.02403961
-0.05989951
0.01538178
0.04418372
0.01743286
-0.09606037
-0.00017042
-0.00695001
0.02093495
0.00508954
-0.02747510
-0.07143234
-0.05834606
-0.00496053
-0.09691924
0.03350985
0.06655067
-0.01789067
0.02063925
0.03516605
0.04204713
0.03008679
0.02198536
-0.00322514
0.01528358
-0.03754603
-0.01302276
0.01488485
-0.06949053
0.05937301
-0.01403143
-0.00286072
0.02234168
0.04786447
-0.03111000
0.01098734
0.01366551
0.05719059
0.04035588
0.02716951
0.05626190
-0.02791980
0.01459223
0.01060796
-0.02598904
-0.05404191
-0.02880984
0.03684980
0.01454595
-0.00671596
0.08797731
-0.05968898
0.00280136
-0.02343732
0.03210240
-0.02334786
0.02736053
0.05260948
0.00720769
-0.07351835
-0.06214555
-0.01928864
-0.04515075
0.04903887
0.01768481
-0.04522677
-0.05495996
0.01268915
-0.06086005
0.00336764
-0.00030895
-0.00745857
0.02731258
0.03396388
-0.05561756
-0.07756736
-0.06825835
-0.06951047
-0.07834841
-0.03569104
-0.08826005
-0.03835854
0.01490064
-0.03674200
-0.02815919
0.05734186
0.07965175
-0.04875234
0.04007706
-0.01821943
-0.07159652
0.11782946
-0.09176543
0.06868481
-0.05120450
-0.00824796
-0.07198537
0.01008655
0.01579648
-0.04675132
-0.00464806
0.03379769
0.05278505
0.05374064
-0.07649959
-0.00143177
-0.08547707
-0.03991470
-0.01399064
-0.00593847
-0.06813963
-0.02037759
-0.01096206
-0.01670397
-0.02490944
0.06569929
-0.02559602
0.06559114
-0.01893705
0.02244305
-0.01212991
-0.06814449
-0.06487368
-0.04085842
0.04073200
0.01112150
0.04953052
-0.04138360
-0.02262121
0.00617086
-0.00532700
0.00126102
-0.01868432
0.03691455
-0.02495210
0.00587861
0.02742947
0.00025143
