-0.02762290
-0.10985592
0.08981726
-0.02199771
0.05506404
-0.10509893
-0.05002579
0.06874139
0.08975058
-0.03190139
-0.09839804
0.03100297
0.10079202
0.05914468
-0.07310184
0.06160944
-0.05724762
-0.12582609
-0.03937624
-0.05028892
-0.04167269
0.02180104
0.06021179
0.02315332
-0.00350641
-0.10195350
-0.01521268
0.05324308
-0.01127253
0.07646491
0.06786858
-0.03368023
0.11419930
0.05128448
0.00182470
0.01274201
0.13891467
-0.07234481
-0.01400741
0.05190490
-0.05480397
-0.09282502
-0.01686186
0.01975854
0.01596118
-0.00083646
0.07161577
-0.08818875
-0.02126280
0.19245222
-0.03615150
-0.06020834
-0.08032631
0.05693391
-0.13997322
-0.05513497
-0.05202431
-0.08971056
-0.00095246
0.05750633
-0.06947488
0.07738096
0.02286823
-0.05206600
-0.04776864
-0.02229615
0.00162558
-0.08592483
0.14167143
-0.02414967
0.08990034
0.09385546
0.10154522
-0.00749306
-0.12111052
0.11765577
-0.02096393
-0.01489936
0.01643024
0.04523390
-0.02386405
-0.07699495
0.01851873
0.01941349
0.10773328
0.04765401
0.16557862
-0.02323884
-0.05227787
0.03913957
-0.03125428
0.07052448
-0.12170123
0.07704578
0.06681114
-0.05160259
-0.01505756
0.05607643
0.05709085
-0.03155916
-0.02758987
0.03761435
0.05166769
-0.05619093
-0.01847055
-0.02054108
-0.00834063
-0.00999936
0.00324660
0.06706298
-0.04222047
0.00990438
-0.00314918
-0.03215981
-0.01416875
0.07285075
0.03332402
-0.09345825
-0.01531510
-0.00886531
-0.14112930
0.06103275
0.06497535
0.04616429
0.10014521
0.00500468
0.12445159
0.05878326
0.00520648
0.00978745
0.07986785
0.08141040
0.09057462
-0.01084400
-0.02664972
-0.01448859
0.01809017
0.01815096
-0.00810019
0.06877802
0.08865501
0.01752910
-0.01026503
-0.09442328
-0.02956752
-0.01053495
-0.07424282
0.09390911
-0.02029039
-0.07547512
0.02543899
0.02731634
-0.01860336
-0.05967908
0.04367454
0.06177082
0.04018399
-0.02004835
0.01541405
-0.09648280
0.04707418
0.02157765
-0.01763662
0.01474973
-0.05637973
-0.08258533
-0.02793065
0.04080930
-0.07409588
0.11144109
0.01023362
-0.07013643
-0.01334047
-0.06415136
-0.00496697
0.11631384
-0.01380810
-0.02076081
0.02739242
-0.02227859
0.07793338
-0.08430401
-0.02442249
0.01354261
-0.02014029
-0.02086109
-0.02977129
0.05722318
-0.04568774
0.09402239
-0.06540965
-0.13685755
-0.02442390
-0.00664521
-0.04616514
-0.01480092
-0.02644044
0.09020604
-0.00004397
-0.03318526
0.05903322
-0.00953006
-0.00497695
-0.03061447
-0.07044519
0.12078048
0.07479557
-0.02634663
0.05530588
0.03989928
-0.00420305
0.05406443
0.00880235
0.02448011
-0.04280039
-0.10236502
0.00156210
-0.02022199
-0.04224192
-0.00835024
-0.16511099
-0.09416113
-0.00819844
-0.03559777
-0.05377233
-0.01743063
0.06657852
0.10486346
0.00645260
-0.10333709
-0.11353463
0.05361323
-0.03838653
-0.10513214
0.01732706
0.04284741
-0.02314837
-0.03014609
0.05270850
0.05605762
-0.07076401
0.00265153
0.05503166
0.02550813
-0.03316271
-0.05938158
-0.00756476
0.02953370
-0.06674143
-0.05603280
0.00649954
-0.04561226
0.03850216
0.05035689
-0.11760781
0.01806071
0.04380088
-0.06666727
-0.06004881
-0.03695929
0.11203790
-0.17564732
0.01131149
0.14128797
-0.00323247
0.06218594
-0.10318247
0.07355783
0.10803967
0.02929676
-0.02730924
-0.06996914
-0.24767856
-0.02346084
0.13997038
-0.25451845
-0.15902351
-0.07949810
0.04549269
-0.03826924
-0.02048565
-0.12537210
-0.20110206
-0.18785818
-0.04308916
0.05332799
0.00679080
-0.01694011
-0.05023644
-0.10947885
-0.23422909
-0.06436578
0.13029715
0.07075418
-0.01622763
-0.16141088
-0.08578531
0.05080044
-0.05831527
-0.17854585
-0.11864167
0.06118057
0.17604940
-0.28080696
-0.09645342
0.16492572
0.00717496
0.13004905
-0.03256078
-0.12306450
-0.06615832
-0.15428674
0.14927301
0.11035293
-0.05083749
0.07137183
0.08133873
0.36072940
0.07831276
-0.17658593
0.07015579
0.00838398
0.02880433
-0.03335485
0.02397857
0.03141946
0.01158647
-0.02331985
0.00398534
0.03704941
-0.05442578
-0.00447703
-0.04722859
0.06693276
0.00264235
-0.01204249
0.01441975
-0.04053276
0.01726906
-0.03430575
-0.08139824
0.00509750
0.02610455
-0.00588794
0.05483177
0.01971808
-0.04098655
0.05065503
0.01730763
0.02384612
0.00828931
0.06319597
-0.02253199
0.02127466
0.09513047
0.08636117
-0.00961443
-0.01695457
0.01485102
-0.02305218
-0.04130425
-0.04244231
-0.01995292
-0.01014230
-0.05307077
-0.01484111
0.03697282
0.03847540
0.01329732
0.08614399
-0.04895207
0.01289940
0.01361889
0.05961740
-0.05213390
-0.03740969
0.02468105
0.04797655
-0.03288883
-0.03920137
0.02470067
0.06340466
0.03782520
-0.00042813
-0.00944205
-0.03717067
-0.08931196
-0.00268684
-0.08386325
-0.01975776
-0.06998891
-0.03774675
0.01448440
0.01694532
-0.02762491
0.01681278
-0.01396206
-0.06356310
-0.06148165
0.08110416
0.03465469
0.05198630
-0.06576626
-0.02859493
-0.02418217
0.01131453
-0.01482405
-0.03807274
-0.05531639
-0.07999599
-0.04140608
0.01055088
-0.03565903
0.02246832
0.01472969
0.00391196
-0.00680492
-0.00220004
0.03154657
-0.05877594
-0.02821258
0.01595685
0.04949412
-0.10748609
0.05038798
-0.04590662
0.03743314
-0.00304276
-0.07214735
-0.05648914
0.05102836
0.05521731
-0.06873242
-0.00274413
0.00604456
-0.10118549
0.08157866
-0.04785872
-0.04224911
-0.01719828
0.05247780
0.08112551
0.00333885
-0.07510252
-0.04950661
-0.00552442
0.09379714
-0.05071806
0.02459857
-0.04073761
-0.05745078
0.01786012
0.00020888
-0.02553354
0.03689310
0.03970232
0.03120407
0.05350336
-0.06005405
-0.01078026
-0.01183116
-0.02818582
0.02914265
-0.08130255
0.10209114
0.00007229
-0.06763583
-0.03273849
-0.08349498
-0.01748848
0.00876829
0.02398836
-0.00247452
-0.11517329
-0.05436339
0.00221239
0.09901351
-0.01492141
-0.13182607
0.01906484
0.03104016
0.05602705
-0.01758236
0.00222339
0.02910713
-0.02551281
-0.05654084
0.05593684
0.10487941
0.03277092
-0.02190085
-0.04011352
-0.03391724
-0.06718018
0.04224071
0.03438567
-0.00351572
-0.02339369
0.01420374
-0.05206211
0.01888530
0.01214606
-0.11392770
-0.02638596
-0.03742440
0.03678561
0.00955608
0.06066252
0.02147368
-0.03954057
-0.06912037
-0.06382842
0.01799564
-0.02300895
-0.02007047
0.07320453
0.02228184
-0.02098200
0.05971589
0.07058490
-0.05999528
0.07913637
-0.02906154
0.00365762
0.01015608
-0.05698324
-0.05581614
0.06832545
0.06426513
-0.02738380
0.03247490
-0.07804054
0.00256573
0.10696687
0.02972036
0.06909627
0.00462486
-0.00376672
-0.03351593
-0.05809594
-0.02369098
0.00777590
0.03673641
0.08747730
-0.04507398
-0.01155720
-0.05311939
0.02195871
-0.03552423
-0.03584470
0.01097558
-0.01473557
0.01176968
0.07311568
-0.04897711
-0.02585061
-0.04247972
0.01895926
-0.06084152
0.06680974
-0.02181495
-0.07027900
0.07489064
-0.02309136
0.01308428
-0.01086412
-0.04410432
-0.04371171
-0.02393914
0.04078320
-0.02092730
-0.04193912
0.01414460
0.02791123
-0.07290702
-0.01174434
0.06606412
-0.05350566
0.03870503
-0.06320690
0.02398700
0.02106069
0.01921780
-0.02569969
0.00844639
0.02911300
-0.02601583
0.02802470
0.06871942
0.01714086
0.00424433
0.02233419
-0.06011009
-0.05583061
-0.07318544
-0.03359023
0.03190411
0.06121008
-0.06877816
-0.03478258
-0.06780477
0.03378572
0.06182859
0.02384892
0.01266006
0.01716225
-0.06143706
-0.01284111
0.02016662
-0.02047060
0.02430924
0.05178238
-0.01557625
-0.03497534
0.00959514
0.05809923
0.01899667
0.07392929
-0.02882533
-0.02289391
-0.02880315
-0.05424373
-0.00254646
0.05171470
-0.00284580
-0.04739114
-0.00975462
-0.03231096
0.01268657
0.02066526
0.05245189
-0.04573382
0.02118893
-0.05710017
-0.01081548
0.04654233
0.06032145
-0.02203886
0.00277000
-0.05199179
0.05089148
-0.01036294
-0.03872104
-0.03521909
-0.02202141
0.07742707
-0.00049595
-0.06506840
-0.01642109
0.00997886
-0.01471857
0.01933116
0.04090664
0.03244431
0.00992333
0.01012671
-0.02436443
0.05894522
-0.02749591
-0.00282373
0.03631710
-0.01254256
-0.02499643
0.06963745
-0.01327001
-0.01940736
-0.04024326
-0.03565451
0.05576777
-0.02243986
-0.03873259
-0.04591124
0.00576769
-0.09495927
0.02349371
-0.07452505
0.01766968
0.08342713
-0.02973353
-0.01444236
-0.07001606
-0.04173946
0.04933377
-0.08545457
-0.03429428
-0.01781337
-0.02811213
0.02618671
0.02642952
-0.07105792
-0.02463422
-0.05718242
0.11081647
0.04779375
-0.00861260
-0.00933683
0.00433264
0.05147145
0.02612506
-0.08542424
0.02047608
0.03203639
0.01359978
-0.01388126
-0.01033411
-0.04075957
-0.03505250
-0.00826067
-0.04149587
0.01672395
0.07870734
0.03811365
0.07968336
0.04955615
0.05669238
-0.00165557
0.02273898
-0.03508070
0.05007267
-0.02652579
-0.02683700
0.03169870
-0.05210381
0.00295317
-0.04049729
-0.04485015
0.00119963
0.01918163
-0.02624574
-0.03934890
-0.04281407
0.05131654
0.00005891
0.01194392
0.07331586
-0.01749963
0.04757189
0.03898675
-0.02993219
-0.01639057
-0.01983410
0.01792394
0.01305008
0.03597871
0.05236917
-0.08940759
0.00884572
-0.07044232
0.02534029
0.02971749
0.01873669
0.05669814
-0.05406781
-0.04556099
-0.02683501
0.02319890
0.01075458
0.06406514
0.00307437
-0.03549840
-0.04739725
0.01935983
0.01520892
-0.00533275
-0.00877889
0.00222712
-0.00315174
0.00303636
-0.05257038
0.00676298
-0.04251020
-0.08574158
-0.04955424
-0.02138713
-0.08351887
-0.07788918
0.01366850
-0.02759350
-0.00374758
0.04708846
0.11061587
-0.01441534
0.00581731
-0.03335213
-0.07047360
0.08642190
-0.02703564
0.04166723
-0.03239360
0.01510879
-0.07701215
-0.01435629
-0.00861505
0.00480776
-0.00893504
0.05322217
-0.02445995
0.00891055
-0.04663879
0.03345270
-0.06151463
0.01718571
-0.03169088
-0.01321406
-0.02446115
0.00610940
0.01223591
-0.05483514
-0.00163709
0.02397412
-0.05177349
0.05579572
-0.07043876
0.07967696
0.04174617
-0.02694434
0.00017184
-0.03545418
0.02395082
0.02400092
0.03892059
-0.01941899
0.01950744
-0.00217497
0.03010234
-0.07661738
-0.01882325
-0.01004102
0.01135383
0.00192531
0.01948425
0.06649081
