-0.00591342
-0.04284703
0.06235215
-0.02134917
-0.00787870
-0.05634588
-0.01927803
0.05680544
0.10106389
0.02893362
-0.09014363
0.03398665
0.10041389
0.06718766
-0.09040421
0.02251869
-0.09654662
-0.15867735
0.00994303
-0.11982113
-0.08582194
0.01663446
0.03854522
0.02432779
-0.00978259
-0.04366365
-0.00927959
0.03611626
-0.03297657
0.05683427
0.01346458
-0.00906226
0.13787702
-0.01262842
0.01108791
0.04982340
0.09080742
-0.09689085
0.01441335
0.06839352
-0.06356324
-0.01851289
0.03699922
0.04262275
0.06888247
0.01717372
0.03733414
-0.01445108
-0.01033627
0.09429967
-0.03103966
-0.01502021
0.00180814
-0.00994477
-0.11885493
-0.07709931
-0.06974603
-0.11171069
0.02520684
0.09011066
-0.02592134
0.05798022
0.02959175
-0.04368579
-0.07091816
-0.03307929
0.00980693
-0.02811115
0.14196038
-0.01212134
0.07730817
0.01924740
0.05512650
-0.00490925
-0.12753190
0.09583129
0.01508360
-0.07559372
0.05769144
0.03154444
-0.07104823
-0.05254859
0.03912845
-0.01168383
0.07042786
0.03634534
0.11959481
0.01173374
-0.06400400
0.00240474
-0.02489397
0.02415010
-0.12584291
0.05620418
0.05984679
-0.06243313
-0.05388193
0.02552712
0.02686682
0.06540507
0.01743878
0.01188457
0.00269536
-0.02335110
-0.07888561
0.01369804
-0.06241782
-0.03555035
0.02060680
0.07041891
-0.03028288
0.00006094
0.04646791
-0.05015225
-0.05218477
0.06832394
0.05474658
-0.11701569
-0.08128673
0.04481450
-0.16788675
0.07928781
0.03988310
0.00599336
0.09273414
0.00901278
0.11276079
0.05467485
0.04830313
0.02723333
0.04296920
0.09095529
0.12067168
-0.06380963
-0.00902092
-0.07794990
0.04572457
0.02513869
0.04959895
0.08811709
0.06442787
0.02601778
0.00764724
-0.03858094
-0.03946562
-0.00826694
-0.05482764
0.15449001
-0.03299545
-0.06561996
0.04135214
0.07321770
-0.00100122
-0.05462369
0.09957010
0.09417963
0.01679416
-0.02081224
-0.06037078
-0.09107278
0.06182648
0.07088204
-0.02460641
0.01820747
-0.07604234
-0.15105383
-0.00925171
0.05286110
-0.02572767
0.07960725
-0.04356287
-0.06838032
0.00374201
-0.01464746
0.01708558
0.06457285
-0.06322647
0.03555652
0.05404053
-0.06903894
0.06456932
-0.05418048
-0.05615056
0.08380798
0.00740502
-0.03652856
-0.01017873
0.01908302
-0.06651112
0.13863482
-0.05018279
-0.16969259
0.02222960
-0.06364482
-0.03822573
-0.05977051
-0.05087361
0.10640375
-0.04437090
-0.03511674
0.03629955
-0.00286461
-0.01910508
-0.03876618
-0.04657605
0.11243403
0.09423179
-0.02372859
0.02789203
0.06393892
0.03030059
0.03808220
-0.01477799
0.01281843
-0.04099854
-0.09409477
0.03442382
-0.01737553
-0.02495477
0.04802252
-0.13881829
-0.06753004
0.01808898
-0.04636763
-0.08446608
-0.03711898
0.03245835
0.12940496
0.03882762
-0.09591177
-0.07236465
0.10892314
-0.03552362
-0.07999447
-0.04577851
0.03696562
-0.02196924
-0.04101174
0.02256104
0.04422180
-0.01161325
0.04836461
-0.00636084
0.05709848
-0.04714603
-0.04224915
-0.01656160
0.01156062
-0.04634129
0.02487827
0.04310886
-0.05218985
0.00625643
0.03155853
-0.15638526
0.00613272
-0.00104490
-0.06902950
-0.05268147
-0.00212421
0.10307540
-0.15734497
-0.00371259
0.11969019
0.00629087
0.04296037
-0.08001926
0.08359245
0.06415533
0.01825212
-0.01211942
-0.01651992
-0.22375327
-0.01869003
0.13829516
-0.25139794
-0.14703536
-0.07158883
0.05608841
-0.06949230
-0.03244143
-0.10340889
-0.22279757
-0.22196397
-0.01789838
0.02110197
0.01788425
-0.00602759
-0.01502682
-0.07524525
-0.19317605
-0.06374882
0.13160975
0.03734407
-0.01344819
-0.20403253
-0.12299462
0.06367990
-0.07469048
-0.18160124
-0.10591159
0.09057335
0.20073564
-0.26771143
-0.05728067
0.19744590
-0.02085856
0.15458262
-0.03509009
-0.16472131
-0.06543867
-0.19611838
0.11450147
0.09162603
-0.06339187
0.06537557
0.11072057
0.34452671
0.10507441
-0.19217172
0.08880619
0.03946944
0.00629906
-0.01180796
0.00190227
0.04242829
0.06985627
-0.03221277
0.02945148
0.01689081
-0.01943044
-0.00900277
-0.01322297
0.07225369
-0.00531544
-0.00710221
0.02967717
-0.03684912
0.00418129
-0.06344639
-0.02039408
-0.00124458
0.03727541
0.00841023
0.02810794
0.01363120
-0.04700457
0.02307187
0.03304198
0.01572156
0.00584225
0.06005551
-0.00782895
-0.01196544
0.09681863
0.10920359
-0.01151203
-0.02376899
0.02415640
-0.04042162
-0.02395089
-0.01488199
0.01112922
-0.00509400
-0.05589835
-0.01606045
0.04471759
0.05959183
0.00736277
0.06772501
-0.02022269
0.03741676
0.00897082
0.03789314
-0.02293006
0.00546693
0.03279883
0.06257583
-0.04446248
-0.01610656
0.04388842
0.05079419
0.01249780
-0.01134892
-0.01018948
-0.00959366
-0.09176119
0.03042283
-0.06688799
-0.03060892
-0.08376862
-0.00409430
-0.04159066
0.00630271
-0.00076494
0.04210299
-0.02536897
-0.05105672
-0.09523336
0.07107747
0.02075290
0.01554246
-0.06245077
-0.06945970
-0.06693731
0.03299730
-0.01562716
-0.08164375
-0.01346318
-0.07228108
-0.01213304
-0.00021248
-0.05181073
0.06300862
0.06004103
0.00836522
-0.02431856
-0.01326959
0.04169314
-0.06073984
0.01583813
0.00651745
0.02821811
-0.10833108
0.04383888
-0.05712600
0.02318413
-0.00626916
-0.05647291
-0.02311709
0.06748947
0.00628666
-0.09263253
0.03556488
0.04210160
-0.05500842
0.04580699
-0.09223869
-0.01018037
0.01912160
0.08366793
0.06991202
0.03886587
-0.04095855
-0.04187707
0.01029393
0.04978391
-0.05742850
0.04572172
-0.04258305
-0.06614372
0.01678737
-0.02044878
-0.02544171
0.06558904
0.00011642
-0.02050706
0.03528351
-0.03410782
-0.00240756
-0.02123554
-0.02549090
0.00805267
-0.06232587
0.09716639
-0.01063403
-0.00888046
0.00180210
-0.06713308
-0.04312314
0.03941466
-0.00412427
0.00786037
-0.08809881
-0.02343619
0.01021102
0.08983415
0.02752718
-0.11290235
0.01501357
0.04065688
0.03794256
0.03384525
0.02789876
0.08964462
-0.02435507
-0.02184254
0.01516728
0.06152668
0.02817405
-0.01882430
-0.03778800
-0.03853513
-0.08059444
0.06062453
0.03044548
-0.03007808
-0.02737611
0.05854419
-0.07148872
-0.01692004
0.03741739
-0.04247406
-0.02199825
-0.03222384
0.03045454
-0.00734470
0.08003888
0.00417830
-0.03605758
-0.03470394
-0.01725325
-0.01581027
0.00711331
-0.01609894
0.07489163
0.06989228
0.00777529
0.04882460
0.06085305
-0.05246484
0.06597509
-0.03305589
0.04313724
-0.01988486
-0.08329520
-0.04933909
0.04819409
0.07059716
-0.04724765
-0.03189398
-0.05109887
0.03195833
0.10445197
0.03160767
0.07541969
-0.01255897
-0.01810396
-0.04668289
-0.03992860
-0.05673046
0.03655772
-0.00287696
0.07233603
-0.04460801
-0.01928115
-0.05189850
0.03127213
-0.05921122
-0.00213524
0.01173440
-0.01934794
-0.01554861
0.03273164
0.00011696
-0.04194452
-0.05982643
0.02107714
-0.03268291
0.09176156
-0.01187162
-0.05628178
0.05665326
-0.04742024
0.02340994
-0.04283716
-0.00419815
-0.02406807
0.00236848
0.00578864
-0.06689891
-0.01075020
0.04945754
0.01740300
-0.03309513
-0.02576879
0.04781089
-0.00737508
0.06636845
-0.07338541
0.01137585
0.01482706
-0.04358545
-0.01093884
0.05900342
0.04204412
-0.00996279
0.02205123
0.04841765
0.00099924
0.02956425
-0.00371512
-0.07153156
-0.00226362
-0.06016683
-0.07980097
0.04011444
0.03465153
-0.06849895
-0.04222490
-0.01342291
0.01102979
0.02233246
0.06760750
0.00967783
0.04162222
-0.06141743
0.01634968
0.04111912
0.00691753
-0.02733549
0.05286983
0.02675444
0.02928797
-0.00219729
0.05226025
-0.00087380
0.06473758
-0.03302882
-0.00605685
-0.05457119
-0.04550588
-0.05241646
0.02670585
0.00956591
-0.08099340
-0.03809770
-0.02926983
0.01087062
0.03942490
0.04957116
-0.01826487
0.01220162
-0.06731412
0.00040980
0.04335084
0.02781916
-0.00935347
0.00003384
-0.00855492
0.04021325
0.02944035
-0.04509619
-0.03458796
-0.04547809
0.10217658
-0.03009904
-0.04558208
-0.01719207
0.03261318
0.00961121
0.04921122
-0.01305963
0.01627378
-0.03105070
0.04603962
-0.00906511
0.02364115
-0.03404597
-0.03336803
0.00175187
-0.02525211
0.01971203
0.04003525
-0.02229645
-0.03034027
-0.03263964
-0.04308944
0.05238712
-0.00295350
-0.07906441
-0.01124571
-0.00224761
-0.06866863
0.03608268
-0.06891485
0.01965387
0.08166226
-0.08050591
-0.01791125
-0.13397789
-0.06702730
0.03380359
-0.02908834
0.02064077
-0.00942860
-0.00619775
0.04380412
0.05995152
-0.02330783
0.00230537
-0.05847007
0.11121362
0.06026081
-0.01994891
-0.06276712
-0.00070067
0.05213706
0.01867512
-0.07676142
0.01822477
0.01323325
0.00421032
0.01586825
-0.04718924
-0.07555424
-0.04606516
-0.00779888
-0.08883310
0.04107853
0.06457477
-0.00614608
0.04966287
0.06703993
0.03843788
0.01723054
0.04386406
-0.01411408
0.02529768
-0.05814495
-0.01964533
-0.01393202
-0.06946162
0.03125691
-0.02541793
0.00392890
0.01986831
0.02041864
-0.04625973
-0.00319028
-0.00771510
0.04618822
0.02555169
0.01491221
0.05868931
-0.01112224
0.01543288
0.01975475
-0.02222254
-0.05162589
-0.01778082
0.03171510
0.01738058
-0.00052280
0.07087578
-0.06216631
-0.02131800
-0.05448676
0.04401856
0.00550665
0.04825201
0.07133849
-0.02307964
-0.07358988
-0.01764331
-0.01631253
-0.01038131
0.03809819
0.01945008
-0.04138606
-0.06771760
0.02982175
-0.04094728
-0.00403574
0.00252444
-0.02228495
0.02272937
0.04193312
-0.05151837
-0.04979276
-0.05238812
-0.06307589
-0.07306395
-0.04098868
-0.07870739
-0.07091566
0.01144569
-0.02500109
-0.01164285
0.03553046
0.09149488
-0.04984778
0.02090842
-0.02467068
-0.08947632
0.09732272
-0.05988224
0.08089200
-0.05168155
0.01373063
-0.07321258
-0.00460984
0.01294945
-0.00990589
-0.00948757
0.03213593
0.01655970
0.05022754
-0.05835974
0.00505351
-0.07111803
-0.00124909
-0.02732720
0.01466870
-0.07383997
-0.00518895
0.00219144
-0.04079331
-0.01223451
0.05016831
-0.04552660
0.06714033
-0.05923930
0.06738510
0.00521609
-0.07466212
-0.04823020
-0.04435696
0.06466633
0.03234993
0.03931075
-0.02185320
0.00150557
0.01658220
0.00116012
-0.01496482
-0.01704174
0.01454348
0.00273643
-0.02065726
0.02343558
0.05218792
