0.09391364
0.05533377
-0.04362515
-0.06073273
-0.07510868
-0.02114283
-0.04138574
0.08203916
0.02622899
0.01177259
0.03107106
0.07182472
0.09167912
0.07603539
-0.03490820
0.02837987
-0.04117282
-0.07321931
0.01916735
-0.10526260
-0.08873820
0.03000665
-0.00801487
0.09917768
0.05912892
0.04450473
0.06556378
0.04539923
0.02317020
0.01750740
-0.08925855
0.09445330
0.06017866
-0.10538742
0.05616107
0.06155146
-0.01242276
-0.09170913
0.03888267
0.07532650
-0.11415551
0.06107984
0.10043991
-0.06739094
0.04695407
0.07430673
0.04144982
0.04971109
-0.07164545
-0.02348997
0.00851415
0.09887365
0.10480686
0.02915383
0.00535473
-0.06624798
-0.00180196
-0.05522500
0.06500389
0.00993355
0.06302328
-0.11355418
-0.08997602
-0.04366715
-0.01306280
-0.01524858
-0.05601011
0.01963528
0.04567556
-0.04567890
0.06224989
-0.08522178
-0.02081005
0.00903222
-0.11167446
-0.00031466
0.01918347
-0.08748626
0.07959029
-0.06516434
-0.10109184
0.05435589
0.07766287
-0.07777681
0.00441035
0.09415609
0.06908295
-0.00496002
-0.05418633
-0.05961300
0.01399279
-0.01645316
-0.02594227
-0.03552045
-0.04421205
-0.12279677
-0.03843678
-0.03802956
0.06851376
0.08308154
0.14254999
-0.02931951
-0.07798916
-0.01790300
-0.04815848
0.06196468
-0.02957639
0.05838340
0.09545223
0.08701536
0.09446542
-0.03355057
0.05320618
0.02754302
-0.03158527
0.03895952
0.03437296
-0.03864463
-0.11973225
0.00827819
-0.11314980
0.01595647
0.02749152
-0.05752208
-0.00310400
-0.00048201
0.04483468
0.01173860
0.09280198
-0.03145905
0.02335067
0.04674799
0.02094151
-0.05531824
0.06390034
-0.06371658
0.01908317
-0.06810223
0.03001188
0.10404368
-0.03363089
0.12510502
0.04489857
0.00166588
0.04399361
0.02719412
-0.06232903
0.09253296
-0.01871885
-0.04372669
0.01014870
0.11095000
0.02529372
-0.08088356
0.07533482
0.01337914
0.01793249
-0.03871209
-0.07281553
0.06011850
0.04906821
0.05538471
-0.01546814
0.03862272
0.04313429
-0.06814394
0.02584653
0.10873294
0.07592545
0.07490940
-0.12059316
0.02071372
0.04307040
0.02244229
-0.01657992
-0.03054201
-0.03974873
0.06217616
0.12628165
-0.01506399
-0.04356095
0.11225122
-0.01722081
0.04532407
0.05804777
-0.04771069
-0.01504702
-0.05760438
-0.06408454
0.08211645
-0.01815291
-0.03863512
0.00529656
-0.10966473
-0.03280379
-0.09458657
-0.04757063
0.05923228
-0.01733680
-0.07300767
-0.05808281
0.06373830
0.06932235
-0.03623243
-0.01173805
0.00538602
0.01658561
-0.10324687
0.01258549
0.08050369
0.07779366
0.09046786
0.00614601
0.07043131
-0.09258901
-0.02460329
0.07611308
-0.06721883
0.11372025
0.12787974
0.05363442
-0.01158682
0.05557808
-0.00486106
-0.05208085
0.00287304
0.00172419
0.07792807
0.05149383
-0.04501166
-0.07676850
0.08986374
0.04900233
-0.03455692
-0.11323038
0.05965689
0.00243378
-0.10507476
0.03691747
-0.11403317
0.08133435
0.05296567
-0.07911819
0.10910872
0.00997633
0.05013923
-0.00521565
0.05768260
-0.01003688
0.05521406
0.01821679
-0.03144708
-0.04030026
-0.00834949
-0.07320893
-0.08695596
0.04976044
0.02524882
-0.09025759
-0.00429650
0.16578864
-0.10823262
-0.02182264
0.11649767
0.08417429
0.02737695
-0.12648128
-0.03468092
0.08970968
0.13705732
-0.11455251
-0.05352547
-0.30561242
0.05086452
0.05331499
-0.19649507
-0.20294626
-0.01234436
0.11092738
-0.02443856
0.00492103
-0.15036896
-0.23535144
-0.09841239
-0.10908137
-0.00538545
-0.04394717
0.07145508
-0.13965303
-0.08075549
-0.21315083
-0.00833086
0.09625199
0.05794091
-0.04906245
-0.19531730
-0.04603879
0.07155637
-0.07897643
-0.07420636
0.01720761
0.06634567
0.20851886
-0.31012341
-0.03437119
0.11644913
-0.12263079
0.00826594
0.01149739
-0.02779626
-0.13328767
-0.10953619
0.08876241
0.00697019
-0.15787892
0.02033203
-0.04130543
0.41430697
0.01282285
-0.11796302
0.05039284
-0.02898520
-0.02394746
0.06962568
0.01580716
-0.04451259
0.06466246
-0.04909322
0.03726694
0.05114035
0.01343354
0.01487491
-0.01902835
0.00302265
0.02473097
0.01422589
-0.08832427
-0.06115449
0.02423106
0.01339881
0.04868514
-0.01191224
-0.05197825
0.04886813
-0.05585857
-0.03194460
-0.02075340
-0.05975194
-0.04568785
-0.01458809
0.03033842
-0.02313351
0.07093323
0.01032193
0.01183452
-0.00797269
-0.06491147
-0.06295030
-0.05781034
-0.03292068
0.01360896
-0.00268515
0.00312919
0.02548934
-0.00983182
0.01822324
-0.01886946
0.02190187
-0.07896601
-0.05216557
-0.01087952
0.02781517
-0.04817059
0.01749797
0.05450642
0.06881068
0.07056770
-0.00059710
-0.04860597
0.05370140
-0.04236682
-0.00621225
-0.06251837
-0.00142083
-0.00658507
-0.05596189
-0.03474918
-0.01214224
-0.00997696
0.00882932
-0.02404805
0.01829408
0.05746848
0.00815371
0.05390724
-0.03411963
0.01202334
-0.03856465
-0.02108573
-0.01247774
-0.01237181
-0.01711236
0.01747002
0.00881656
-0.09427523
0.07394732
-0.02453821
-0.05183724
-0.02661122
0.06789970
0.06126098
0.02520376
-0.01851700
0.03853784
-0.01808677
-0.07050846
-0.01689660
0.01565279
-0.02064117
-0.01512576
0.07239000
0.03691790
0.00438881
-0.06297277
0.06261218
0.03922419
-0.01339347
0.05969555
-0.03504006
0.07381260
-0.09169035
-0.08104065
0.02377113
0.01099636
0.06936388
0.00307907
-0.05082704
0.00576832
0.05817328
0.01077969
-0.01400913
0.03143253
0.05084139
-0.01805354
0.08679248
-0.00630478
-0.03667218
-0.02046429
0.06465011
0.07600974
-0.00905199
0.06063819
-0.05578906
0.06191041
-0.06650295
0.02947275
-0.06786325
-0.05359086
0.07266116
0.07537989
0.03096428
0.05942267
-0.00443116
0.07152123
-0.04123399
0.00825213
0.00469958
0.01159105
0.07877661
-0.05113224
0.00399035
-0.15827784
0.00242500
-0.02108795
0.04863621
0.03551201
-0.00158153
0.03584431
0.05713252
-0.06886625
0.02500635
-0.05364941
0.02579302
0.03946113
-0.06897019
-0.02693835
-0.00645930
0.01985508
-0.05216698
0.01872178
0.02579115
0.05539488
-0.01569024
-0.02796423
-0.06156665
0.01073326
-0.00382821
0.02321654
0.09836637
0.00255362
-0.00580328
-0.04989824
-0.00325830
-0.00554544
-0.00926920
-0.02247622
-0.01933020
0.04909840
-0.06491578
-0.02351002
0.03508323
0.02063669
0.01652236
-0.00322568
0.03224873
0.06608406
0.09588467
0.02461116
-0.01225551
0.02601587
0.02663468
0.03797946
-0.07530740
0.02910672
0.04478824
-0.07526907
-0.00449778
-0.04192477
-0.07106971
-0.04950238
0.00952157
-0.07554736
0.03834876
-0.08691001
0.02167007
-0.05636909
0.03357468
-0.00739119
0.01634987
0.01882947
-0.02881329
-0.05297143
0.02408642
-0.02531202
0.09035176
-0.00824900
-0.02376630
-0.00693865
-0.00031044
0.00154536
-0.00417191
0.06343231
0.01118536
-0.03058789
0.04803978
0.05396751
0.01744334
-0.02273950
-0.00363829
0.00494591
-0.00293877
0.04288160
0.01862792
-0.02721166
0.01249631
-0.11567999
0.08250980
-0.06349894
0.03494547
-0.06359838
0.02401485
0.00704562
-0.02035610
0.01193297
0.03918237
0.04873005
-0.05202245
0.10928815
-0.04901637
-0.00743509
0.03089196
-0.05351165
-0.04169851
0.00625480
0.01712561
-0.02004567
0.07523853
-0.03808871
-0.04642277
-0.03725637
-0.01381389
-0.00876852
0.00087150
-0.08600681
0.06777498
-0.02517745
-0.00776419
-0.00871067
0.03488474
0.08607084
0.03578554
0.04706148
-0.01716346
0.07101981
-0.04257809
-0.01460989
0.04631770
0.03232498
-0.08575630
0.02487708
-0.02325620
-0.01833868
0.00315403
0.07496963
-0.04023465
-0.08433676
-0.01633620
-0.03595223
-0.03472657
0.06863663
-0.05482817
-0.00926375
-0.00541932
-0.01508384
-0.00676506
-0.05238704
-0.04354101
-0.03502195
0.00170588
-0.04517393
-0.04515281
0.03414994
-0.05628837
0.09026312
-0.05909808
0.00166342
-0.10661174
-0.01738676
0.05334781
0.06272136
0.04591159
0.04330734
0.04027408
0.06069286
0.02152673
-0.05644169
-0.03377563
0.00805455
0.02081458
0.02290340
0.04502632
0.00613543
-0.04727555
-0.06496118
-0.00057516
-0.00487210
0.02246728
-0.05857224
-0.00839149
-0.02787485
-0.03124372
0.03722466
0.05992525
-0.04451602
0.03269035
-0.00506203
0.02766951
0.00018317
0.01109731
-0.00833729
-0.07497121
0.03314552
-0.01425273
0.06757302
0.00142700
0.08111890
-0.09428564
0.03339815
-0.02795743
-0.00587152
-0.03401686
0.11113233
-0.07685633
0.04371944
0.07497312
0.03542322
-0.02112152
0.05074841
-0.06280239
0.07799021
-0.01309581
0.06661694
-0.05645139
0.01383807
-0.00835126
0.01114037
0.01368295
0.06214349
-0.05221014
0.00868367
0.00095342
0.00208954
-0.01258395
0.09417374
0.00744618
-0.04630880
0.03469614
0.00929405
-0.01670955
-0.04775176
-0.00051318
-0.00133107
-0.00176992
-0.03110672
0.01376809
0.04059155
0.03474860
0.03550718
-0.02532072
-0.00954309
-0.02560945
-0.06992970
-0.02806620
0.03923433
0.00134225
-0.00114592
0.01132532
-0.03271312
0.08722265
0.04187665
-0.02384296
0.00020214
-0.01653910
-0.00277014
-0.05622991
0.03375487
-0.01496080
0.02516858
0.06426767
-0.04863623
0.01324603
0.02356806
0.00316881
0.02724633
0.01715598
-0.02046065
-0.01497832
0.05338231
0.04588822
-0.05831968
-0.02728890
-0.01216177
0.02658217
0.01946844
0.04516876
0.00116479
0.01703826
-0.07708959
0.03313479
-0.03347092
-0.04224401
0.00470450
-0.04176645
-0.05402979
-0.02252873
0.01246842
-0.01006537
0.00278507
0.05565120
-0.02220677
0.05435748
0.04658545
0.03587587
-0.01124145
0.06195350
0.02938505
-0.02804479
0.03215776
0.00923793
0.05276608
-0.01104455
-0.01929558
0.08060604
0.03766922
0.03868483
-0.08677573
0.00664823
-0.01386706
0.08257349
-0.00947032
-0.08071011
-0.04857110
0.01273508
0.01459399
0.01532267
-0.05838851
0.02283382
0.07061414
0.03261544
-0.10195345
-0.00875805
0.01647875
-0.02572263
0.10050204
-0.03064876
0.00958738
-0.02094228
0.03896470
0.00834100
0.03308320
-0.04145287
-0.06328643
-0.01701421
-0.06961337
0.07505588
0.06690587
0.00335168
-0.09185784
0.05340275
-0.01641716
0.04015656
-0.06063899
0.03812348
0.03843197
0.05786275
0.01798924
0.00144904
-0.01627997
-0.01456108
0.04693852
-0.01380357
-0.07534791
