0.11354082
0.07352109
-0.04412130
-0.01411603
-0.06107008
-0.02123633
-0.03044826
0.03418974
0.05066386
0.05048708
0.00160820
0.02415480
0.12801529
0.10343625
-0.07537597
0.01551088
-0.04228794
-0.10763621
0.04880044
-0.10552224
-0.08232324
0.00993572
0.01152598
0.08052290
-0.00099700
0.03269041
0.06254495
0.04438587
0.01581291
0.03859273
-0.10658102
0.05677956
0.05965922
-0.08382990
0.03869550
0.04080760
0.01530299
-0.08599049
0.06503909
0.04911209
-0.11137557
0.09527504
0.07973070
-0.04118430
0.06857799
0.03416356
-0.00640812
0.01351662
-0.04264979
0.00060989
0.01584679
0.08667162
0.11601849
-0.01324727
-0.00135926
-0.06801274
-0.05860458
-0.03757903
0.08161538
0.00845324
0.06237732
-0.08106264
-0.04911228
-0.01161147
0.01390132
-0.04764502
0.00291058
0.02061862
0.08075970
-0.04112665
0.05178885
-0.07989545
-0.04009937
0.01545954
-0.12125093
-0.00094332
0.02255609
-0.13095351
0.13029194
-0.04198840
-0.11997031
0.05376843
0.04867060
-0.07237133
0.00240376
0.08577049
0.02616405
-0.00514117
-0.03121650
-0.11119648
0.03018963
-0.05635426
-0.03230628
-0.03493286
-0.01725856
-0.13238141
-0.06892231
-0.01698996
0.03375018
0.10309789
0.10675146
-0.00451913
-0.07085416
-0.05595048
-0.07091711
0.06003028
-0.07630226
0.02105640
0.04953068
0.10189345
0.11117119
0.00067667
0.06879921
0.05865759
-0.04236669
0.05887714
0.02274255
-0.05946885
-0.10550117
0.00389367
-0.12913419
0.00161254
0.04382317
-0.04420882
-0.04059391
0.04204603
0.03804379
0.00135948
0.08909980
-0.01754420
0.03612991
0.04288976
0.05837796
-0.06744763
0.07388023
-0.09525253
0.02617368
-0.02870413
0.00536583
0.10636734
-0.01530728
0.06635669
-0.01745295
-0.00243438
-0.00907261
-0.00464584
-0.06559935
0.14427523
-0.02729795
-0.04793797
0.02596557
0.10670430
0.01892433
-0.08397301
0.09121805
0.04836826
0.01162723
-0.03526473
-0.08296647
-0.01875622
0.06001067
0.05197439
-0.00172683
0.01919390
0.03163136
-0.11411881
0.04126439
0.13603370
0.05674405
0.07523627
-0.09612236
-0.01580744
0.03859426
0.02014120
0.01488038
-0.00257572
-0.10046182
0.06905053
0.08950054
-0.04276885
-0.06860834
0.07659840
-0.04553685
0.05703317
0.08653055
-0.00807122
-0.04660424
-0.03986919
-0.03668208
0.11603198
0.00704030
-0.07952205
0.04131575
-0.11163853
-0.07526750
-0.07321702
-0.01697030
0.08071250
-0.03615924
-0.06352931
-0.05763077
0.07248908
0.05975541
-0.02236288
0.00016572
-0.00282705
0.01810895
-0.08105241
-0.00007928
0.09549494
0.08139201
0.08162663
-0.00994607
0.03166816
-0.06143204
0.00998393
0.04481964
-0.05700058
0.10580189
0.11331638
-0.02055623
0.02536599
0.07470299
-0.02294421
-0.04836988
0.00444769
0.00697878
0.04978644
0.04094562
-0.07330762
-0.03342830
0.13000508
0.02553081
-0.01012212
-0.10579384
0.06369215
0.05139140
-0.07696279
0.03993617
-0.09293707
0.06797021
0.02764935
-0.03488937
0.07515909
-0.01679000
0.07117589
-0.01508508
0.05039094
0.01121720
0.06986145
0.02920135
0.00684222
-0.06471654
-0.03559951
-0.08018070
-0.06221890
0.00477792
0.01584771
-0.11854082
0.09328695
0.07099450
-0.05477031
-0.05003063
0.08550181
0.07159269
0.08379722
-0.05355019
0.03575429
-0.00497969
0.11299147
-0.11320715
-0.00706579
-0.31143519
0.07683772
0.02674357
-0.23752369
-0.14305541
0.00248814
0.17072314
-0.00778557
-0.07423729
-0.12055554
-0.22192012
-0.21796608
-0.05091946
-0.03841655
-0.08919554
0.05206883
-0.01221186
-0.00141592
-0.19143841
-0.04930571
0.04222105
0.00843090
-0.03204717
-0.18950714
-0.00104292
0.08176459
-0.06326609
-0.01815541
0.05787051
0.09120771
0.16774927
-0.36645791
-0.01009289
0.08700787
-0.06840098
-0.01079854
-0.03534351
-0.08488249
-0.13403688
-0.11524772
0.06964979
0.07535616
-0.15314016
0.12423455
-0.00832494
0.39828113
0.04021677
-0.22556545
0.02243428
-0.06488228
-0.03353005
0.07848302
0.01720251
-0.03149490
0.05951330
-0.05586602
0.05122134
0.07191774
0.03989188
0.02163892
-0.00591096
0.01368245
0.02838276
0.01741111
-0.10802884
-0.04058688
0.01215203
-0.00429722
0.07141345
0.02632286
-0.05273014
0.03924477
-0.03650998
-0.02833260
-0.02130369
-0.03468734
-0.05994995
0.02595683
0.01409906
0.01142075
0.06102380
0.02585185
-0.01412222
0.01654367
-0.03600778
-0.02565051
-0.02614310
-0.04597240
0.01561929
-0.01981347
0.01603222
0.01768127
0.00224109
-0.01408946
-0.03109958
0.02954785
-0.07555397
-0.03481781
0.02240768
0.00812750
-0.03798378
0.01722519
0.06871538
0.05415297
0.03047919
-0.01041025
-0.03699516
0.07002297
-0.04664318
0.00811583
-0.06253886
-0.00891152
-0.03130467
-0.03941753
-0.01155229
-0.00121963
0.03152962
0.02012379
-0.00842591
0.02145355
0.01330762
0.02058355
0.04628847
-0.02461597
0.02242388
-0.05585913
-0.02005494
-0.01007089
-0.01448301
-0.00614010
0.05509979
-0.01762697
-0.06896926
0.07201175
-0.03405741
-0.05034062
0.00187286
0.03974428
0.04897370
-0.00675116
-0.04308389
0.00638961
-0.02570161
-0.07877473
-0.02636616
0.03597075
-0.02132971
-0.04011161
0.04892586
0.02624948
-0.01194634
-0.07163226
0.05044056
0.03665635
-0.03247794
0.05880965
-0.01545478
0.04914438
-0.08558723
-0.09929869
0.02292590
0.01993971
0.07504244
0.02005518
-0.05527629
0.00982692
0.04973369
0.01439019
-0.04094693
0.02885349
0.07154282
0.01295964
0.09621897
-0.02917635
-0.02181872
-0.00512166
0.06301355
0.09360778
-0.00296309
0.05238757
-0.05638571
0.09229996
-0.05304342
0.03439740
-0.08596694
-0.04009563
0.05638273
0.03453058
0.02901120
0.06039213
0.00783679
0.06919912
-0.05692110
0.00739676
0.00719439
-0.00710990
0.09466157
-0.02881970
0.01055081
-0.14081591
-0.00509823
-0.01030772
0.05488871
0.01542369
0.00062537
0.01669917
0.06034961
-0.06217933
0.02613027
-0.06239667
0.02662192
0.01074335
-0.08374634
-0.05197536
-0.00090997
0.01123867
-0.06146925
0.03634607
0.00757559
0.05180221
0.02407683
-0.02097335
-0.03781288
0.03524851
-0.00988474
0.01874583
0.08865391
0.00260664
0.00968758
-0.06111184
0.00350405
0.00064567
-0.00318824
-0.03182945
-0.01787003
0.05122443
-0.03098182
-0.02059470
0.05462091
-0.01100417
0.01486965
0.00143569
0.01988177
0.03730673
0.07943939
-0.01446379
-0.05572529
0.00827847
0.02560786
0.02868811
-0.05537634
0.03427841
0.05438572
-0.09124470
-0.03102125
-0.06522094
-0.07725895
-0.04101567
-0.00167141
-0.02735201
0.02369293
-0.10782024
-0.01986624
-0.07734542
0.03552632
-0.00270228
0.02076883
0.01258665
-0.01669097
-0.03317914
0.01499107
-0.03007801
0.09027744
-0.00841406
0.01052072
-0.03183226
-0.00530918
0.03914770
-0.00572282
0.08152779
0.00796956
-0.03190926
0.08722277
0.06000757
0.01040577
-0.02077335
-0.00241350
-0.01792758
-0.01895206
0.03186597
-0.01903932
-0.01185299
0.01547526
-0.09447302
0.06633952
-0.04245974
0.02716709
-0.05561100
-0.00618199
0.00107222
-0.00127954
0.01350294
0.06282527
0.05812315
-0.02849695
0.12417354
-0.07060596
0.00763884
0.03947408
-0.02234020
-0.02063274
-0.04325990
-0.00823261
0.00170359
0.08890609
-0.09388141
-0.06543502
-0.03096730
-0.04448567
-0.00704000
0.04064159
-0.07146272
0.07921679
-0.01656738
-0.00026763
0.00001710
0.04013892
0.08849630
0.04353620
0.03290937
-0.04265191
0.08359289
-0.04347286
-0.01990703
0.06608565
0.05517824
-0.07202863
0.02404177
0.01766787
-0.02079601
0.02222524
0.04652116
-0.05059337
-0.10144903
0.00082008
-0.01218251
0.00939847
0.04466847
-0.04455320
-0.00584077
-0.01083152
-0.02305783
0.03291357
-0.02552419
-0.03588626
-0.00060976
0.00914516
-0.04405803
-0.04290465
0.04561549
-0.08579443
0.11032815
-0.04722470
-0.00450694
-0.10689210
0.00694404
0.05231301
0.05414046
0.02435302
0.06589934
0.03715179
0.05835284
0.01488819
-0.07623151
-0.04246886
0.00958309
0.03424707
0.00659217
0.04613207
0.01216066
-0.05769493
-0.05036880
-0.00832659
0.03494365
0.01628589
-0.06955738
-0.01736085
-0.03853430
-0.02280554
0.05268545
0.05699101
0.00372164
0.05217166
-0.02708003
0.02568089
-0.01394839
0.00823325
-0.02579116
-0.05642992
0.02315481
-0.04290296
0.08612930
0.03809162
0.10168786
-0.10428103
-0.00466899
-0.01682214
-0.01547808
-0.01920015
0.08646052
-0.03357050
0.04361289
0.03191326
0.02794737
0.00973557
0.02635883
-0.02665831
0.05068399
0.01029101
0.07372033
-0.07878515
0.00780957
-0.01974781
0.01471197
0.01259816
0.06989503
-0.07321897
0.01800557
-0.02955437
-0.02650418
0.00709296
0.04729030
0.00494519
-0.02118245
0.04408975
-0.01001902
0.00218338
-0.06420884
-0.03730862
0.01035916
-0.00344370
-0.02181672
0.00826946
0.04532468
0.02832793
0.04199871
-0.01204953
-0.03306461
0.01463633
-0.04624860
-0.01537364
-0.00086411
0.00109962
0.01985005
0.00441131
-0.02672411
0.09553969
0.00668520
-0.03690038
-0.00370745
-0.02118430
-0.00367840
-0.05639772
0.01139911
0.00060803
0.01812608
0.07812157
-0.01731339
0.01534512
0.01742882
0.01201324
-0.02333997
-0.00999520
-0.00650894
-0.03268373
0.05948150
0.02631442
-0.02884914
-0.03734080
-0.01009415
0.00957029
0.01651480
0.07396812
-0.00862943
0.01669468
-0.09497095
-0.01208820
-0.00503999
-0.00473769
0.00984282
-0.04047464
-0.07948521
-0.01146870
0.00988183
0.03997454
0.02457831
0.05410469
-0.01719381
0.06984705
0.06459077
0.08368330
0.01086068
0.08608751
0.00767202
-0.00790181
0.01449575
0.02314132
0.01862615
0.00759435
-0.01549894
0.06122226
0.03815244
0.04325125
-0.07607090
0.00732850
-0.03052104
0.06135579
-0.00580399
-0.05401061
-0.07774460
0.03366286
0.05834627
0.01728582
-0.05020334
0.02346605
0.07146128
0.05364725
-0.06928744
0.00848268
0.01245938
-0.01062246
0.09890623
-0.03056373
0.00618207
-0.00533704
0.05108679
0.00910912
0.00926473
-0.04825591
-0.10310576
-0.00256538
-0.07523198
0.05723872
0.03244073
0.04232804
-0.09512600
0.03191948
0.00020040
0.01659268
-0.04310294
0.03625507
0.03791198
0.04000196
0.03883714
-0.00914101
-0.02586255
-0.00064451
0.05926711
0.00472558
-0.05614776
