0.09583215
0.05201503
-0.03370289
-0.04561597
-0.08484513
-0.02999970
-0.05585207
0.08107939
0.03420077
0.03437397
0.03164512
0.06210652
0.10730834
0.09971408
-0.03913081
0.01967126
-0.04409320
-0.10222996
0.00481402
-0.10158918
-0.10548881
0.03075040
-0.01722507
0.07507569
0.05414603
0.05712734
0.03691162
0.06329031
0.02756531
0.00418308
-0.09716314
0.09404973
0.04976907
-0.11021091
0.07189769
0.07770209
-0.01041802
-0.08957276
0.05746096
0.07006580
-0.12125580
0.06629074
0.11079925
-0.06004797
0.03371396
0.06848152
0.04648350
0.04016326
-0.08202305
-0.02923555
-0.00757744
0.08682773
0.11438944
0.01472932
-0.00466549
-0.05720228
-0.01279274
-0.06444980
0.05614417
-0.00856439
0.06489647
-0.10134171
-0.06699897
-0.02461992
-0.03254876
-0.01177650
-0.05309707
0.02073119
0.04558945
-0.03626645
0.06263229
-0.07323744
-0.02730971
0.03083945
-0.11529707
-0.00743837
0.04094089
-0.10339580
0.08864894
-0.04969829
-0.08596455
0.05720212
0.07987680
-0.09122166
0.01453385
0.09672217
0.05496165
0.00758699
-0.05370315
-0.06386174
-0.00079862
-0.03374551
-0.03734348
-0.05771724
-0.04096825
-0.12468331
-0.04688597
-0.03690995
0.07700402
0.08568109
0.12873212
-0.02193544
-0.07957511
-0.01565507
-0.03925790
0.06377691
-0.03885668
0.05830098
0.08816300
0.08558728
0.10228602
-0.04219806
0.07417098
0.01649230
-0.00888058
0.02417344
0.04448728
-0.05126765
-0.12039687
0.00480007
-0.12875342
0.00292555
0.01394629
-0.05701663
0.00485139
0.03329362
0.03565059
0.00477139
0.09828009
-0.03390580
0.01568023
0.03729529
0.02762274
-0.04694389
0.05041080
-0.09857517
0.03751395
-0.06017637
0.03403480
0.11024413
-0.03612580
0.11002880
0.04757405
0.02185475
0.02496665
0.02760702
-0.07411805
0.09599371
-0.03438928
-0.02439866
0.00499046
0.11122466
0.02949277
-0.07554483
0.08434919
0.02059875
0.02870415
-0.05306835
-0.07942866
0.03279920
0.03619528
0.03425368
0.01258619
0.04583539
0.03969837
-0.07966541
0.00952637
0.10667530
0.07380717
0.05308199
-0.12807564
0.02311504
0.04752669
0.02192244
-0.01421462
-0.03537660
-0.05471494
0.03413585
0.10509131
-0.00569229
-0.02260610
0.10270582
-0.00853471
0.04145295
0.03970754
-0.04081553
-0.00381092
-0.03096873
-0.06176563
0.08520827
-0.02752387
-0.03692133
-0.00657369
-0.09897622
-0.04625440
-0.07910511
-0.04660422
0.05831657
-0.01471231
-0.08861688
-0.06141428
0.08599027
0.05995413
-0.03460559
-0.00695067
-0.00427078
0.01725871
-0.09487779
0.00450341
0.07495540
0.08035745
0.08833443
-0.02073203
0.04948210
-0.09128077
-0.02675996
0.05847057
-0.07163585
0.11201710
0.12258269
0.04425282
-0.00869050
0.06623324
-0.04529396
-0.06401390
-0.01575156
0.00444046
0.07927869
0.03156338
-0.07342528
-0.06492608
0.08822501
0.04422699
-0.01001787
-0.08208191
0.05915537
0.00434842
-0.10707303
0.04507506
-0.10597639
0.11001859
0.04077902
-0.05988223
0.09133092
0.01286327
0.03768956
0.01294120
0.03478914
0.01176701
0.07202771
0.03954227
-0.04602661
-0.05974920
-0.00369875
-0.08929542
-0.06855406
-0.05429551
-0.07667656
-0.07086589
0.07301933
0.08846382
-0.02897535
-0.12358312
0.00836696
0.13270372
0.12667984
-0.01376783
0.04383267
-0.03501770
0.09487086
0.01822772
-0.02410556
-0.22331713
0.05433044
-0.02333797
-0.23292474
-0.17915159
-0.01843609
0.16419688
0.05813601
-0.00125291
-0.17055021
-0.27793366
-0.19498989
0.04284715
0.00449625
-0.10349425
0.08331203
0.04542904
-0.00691386
-0.10637174
-0.11305459
0.04067039
0.05443436
0.02239433
-0.27221024
-0.14327934
0.01700893
-0.05909596
-0.11070027
-0.05141843
0.13149090
0.22776616
-0.26850545
0.09071280
0.16774586
-0.07613920
-0.00209766
-0.07033936
-0.13505587
-0.11663443
-0.16443780
0.04706855
0.07141125
-0.15080909
0.13568299
-0.05894998
0.29697245
0.05145420
-0.20238556
0.06975590
-0.02269045
-0.04606061
0.05518475
0.04787382
-0.02437677
0.04379079
-0.00454191
-0.00328848
0.00864418
0.02488163
-0.00035900
0.01898823
0.02184897
0.05537355
-0.00270637
-0.09491235
-0.03163886
0.02108333
-0.04507258
0.10687987
0.03125639
-0.02410212
0.02953805
-0.02033416
-0.07788959
-0.00176286
-0.06950135
-0.06166590
0.05597118
0.01192168
-0.00785677
0.05507400
-0.02512455
-0.00648264
0.04258724
-0.04032141
-0.04236112
-0.01891103
-0.02820210
0.00720509
0.02481432
0.03418894
-0.03099623
-0.02946278
-0.04558785
-0.02531265
0.03855919
0.00311701
-0.07192080
-0.02230079
0.02788826
-0.03070640
-0.00160252
0.02583873
0.04864475
0.04077312
0.02766897
-0.07515156
0.08789573
0.01821266
0.00305323
-0.04117447
-0.00210979
-0.03373153
-0.01294904
-0.03744090
0.00439624
0.02337646
0.01616454
-0.02909287
0.03153464
0.00921459
0.01086306
0.07285401
-0.00767905
0.00364204
0.02215289
-0.03017261
0.00885042
-0.00925613
-0.03590484
-0.00893933
-0.04719973
-0.09242897
0.09655488
-0.00691752
-0.06495491
0.00262284
0.00069286
-0.01116650
0.02827614
-0.02369455
0.03522150
0.03347012
-0.06050551
-0.02595843
0.02357530
-0.01217213
-0.03164240
0.03968055
-0.01575214
0.01526682
-0.07732271
0.03869581
0.03087273
-0.03911099
0.06333491
-0.02394435
0.03958635
-0.04539692
-0.06108123
0.03045830
-0.01575774
0.08693999
0.03042274
-0.01488634
-0.02068110
0.05590962
0.02090492
0.01632579
0.00392036
0.05917221
-0.02513642
0.05600998
-0.02079720
0.01244714
0.02662411
0.04157686
0.05415878
-0.00625697
0.06264459
-0.02690421
0.06406402
-0.06598768
0.04629142
-0.01853291
0.01905467
0.07626520
0.07147756
0.01656074
0.03910593
0.00243977
0.02425972
-0.03342180
0.01301916
0.01704725
-0.01293833
0.10025001
0.00096390
-0.01572467
-0.14548273
-0.04142564
-0.00368024
0.01022532
0.02186956
0.00262109
0.05664884
0.07844484
-0.07443338
0.05375146
-0.03133543
0.03587420
-0.00725596
-0.02833976
-0.01174198
-0.03584399
-0.00060118
-0.01159887
0.01372777
0.01333739
0.06270733
0.03541144
0.01167735
-0.06520525
0.03235575
-0.01017290
0.04267801
0.09253074
0.03298923
0.01947701
-0.10400289
0.01147141
-0.00653930
-0.02904702
-0.02041936
-0.01378339
0.01048282
0.02350670
0.00410716
0.03493536
0.02652144
-0.03764992
-0.00657423
0.02013563
0.03075936
0.07280259
0.00260973
-0.04188730
0.01985064
0.05972007
-0.00299165
-0.02093687
-0.01008256
0.02100632
-0.11329158
-0.02544124
-0.10637560
-0.03745354
-0.05240478
-0.03116924
-0.04253164
0.03353878
-0.06087606
0.01932711
-0.07562056
0.00010538
-0.02225373
-0.02767009
0.04204237
-0.03555149
-0.02921253
-0.01443604
-0.00577400
0.02497413
-0.04993716
-0.02340323
0.00413495
0.01401444
0.05074101
-0.04779176
0.09221880
-0.08517877
-0.03661720
0.10337334
-0.00143396
-0.00510802
-0.03924646
-0.02223146
0.00440613
-0.00829425
0.01188043
-0.06098071
-0.02689542
-0.02231113
-0.06126275
0.08412008
-0.04655221
0.03783823
-0.10384863
-0.00328280
0.01480234
-0.03745423
0.00550395
0.03155087
0.02575968
-0.02176693
0.10689988
-0.03268417
0.00638375
-0.00566526
0.00516773
-0.07516431
-0.03899355
0.02443850
-0.00698664
0.06994484
-0.02980285
-0.03139061
-0.01676341
-0.06587415
0.01277553
0.05323744
-0.01232635
0.03370767
-0.01561028
-0.00138866
-0.02716705
0.02190599
0.08429021
0.06506015
-0.00690586
-0.03740318
0.02367157
0.02368879
-0.00736382
0.01313787
0.06874806
-0.11679613
0.08315184
0.01776479
-0.04785648
0.05151752
0.08405969
-0.01309863
-0.08266868
-0.00627636
-0.00236639
0.04379175
0.06286942
-0.03235528
0.01254413
-0.02113103
-0.03612276
-0.00370413
-0.04771874
-0.03104900
-0.04360097
-0.01577208
-0.05970350
-0.01236414
0.02889969
-0.05672462
0.06184426
-0.06122933
-0.01516436
-0.06346402
-0.00291393
0.00584107
0.03122618
-0.03307134
0.06377669
-0.02668991
0.02686368
0.05242391
-0.00918983
-0.06099629
0.08871115
0.00251482
0.04931770
0.00954834
0.00434057
-0.09328279
-0.03643847
-0.06388831
0.07364448
0.01209451
-0.06311969
-0.02283118
-0.02913371
0.01088997
-0.00469546
0.04700454
0.00057643
0.05015061
-0.02224107
-0.01685388
-0.02467969
0.01747946
-0.01103234
-0.05209494
0.01930373
-0.05846648
0.04677024
0.00310551
0.09361900
-0.08984324
0.02948400
-0.07546085
-0.01564104
-0.05350998
0.04389330
-0.02955871
0.06309110
0.06586956
0.08281606
0.03539938
0.05536509
-0.00884663
0.04928854
-0.02568525
0.06212018
-0.04841677
0.06931798
-0.01657118
0.03569024
0.00672072
0.02812688
-0.04335567
0.05188406
-0.07818659
-0.00260213
-0.03585998
0.08873949
0.01765693
-0.06297390
0.03387247
0.00650332
-0.06701040
-0.04974538
-0.00891591
0.00873707
0.04003493
0.00298601
-0.05171632
0.04331286
0.04895180
0.02664671
-0.03106728
-0.00292922
0.04559732
-0.06721727
-0.03417570
0.03411008
0.03787939
0.04537589
0.06441653
-0.04480619
0.08217455
0.03825328
-0.05326670
-0.01584765
-0.03370209
-0.03262413
-0.02657869
0.02779806
0.02582803
0.00876922
0.07495861
-0.02318729
0.07225725
0.00926897
0.03541692
-0.04133090
0.02419473
-0.00450215
-0.04260243
0.04030382
0.03259871
-0.04465117
0.00085649
-0.01391456
-0.01743999
-0.01005312
0.07201389
-0.02608457
0.00428138
-0.04579827
0.04505494
-0.02556562
0.00764692
-0.00530375
-0.01339833
-0.06411707
-0.02229902
-0.05219681
0.05337647
0.06920625
0.05416486
-0.02046832
0.07854253
0.05279654
0.04750833
-0.01588907
0.06096454
0.00310257
-0.03471517
0.02991121
0.02263106
-0.05743118
0.04265855
-0.03937224
0.01878414
0.03211866
0.02818592
-0.01862233
-0.02059128
-0.02591243
0.05680530
0.00773292
-0.06298398
-0.05450992
0.04172976
0.09755243
0.03261082
-0.04638920
0.01644396
0.04433085
0.00268537
-0.09581778
0.00221473
-0.00127176
-0.05813561
0.13352373
-0.06430671
0.03320882
-0.02571298
-0.00901442
-0.02024332
0.03924614
-0.07763954
-0.09148686
-0.01901882
-0.02912837
0.03456203
0.01697157
0.02546019
-0.06906557
0.08016714
-0.02660723
0.03311850
-0.08518373
0.03044024
-0.00159230
0.03071895
0.03808919
0.00508129
-0.03129036
0.00834347
-0.00790179
0.04492022
-0.04252290
