0.11836290
0.11295785
-0.02183538
-0.03149156
-0.05071898
0.00784803
-0.02059681
0.02610271
0.01710591
-0.00681370
0.03997367
0.06411889
0.15878941
0.07851678
-0.02192064
0.06457607
-0.09576793
-0.08995370
0.04903200
-0.07381144
-0.11352558
-0.04050560
-0.00007501
0.07550430
0.00539621
0.02407388
0.09313399
0.04389565
-0.03728560
0.04945563
-0.09293983
0.04365086
0.08281195
-0.08170603
0.05413542
0.03274877
0.01899848
-0.05225393
0.04814265
0.05789876
-0.09326648
0.04445573
0.06171237
-0.06142665
0.08215414
0.04296469
0.01398688
0.04299219
-0.02326405
-0.02470352
0.00493669
0.08422954
0.11697683
0.06308237
-0.02580111
-0.04711758
-0.02846714
-0.04030947
0.07441643
0.04413144
-0.00042237
-0.07424197
-0.07901611
-0.05906526
-0.00172742
-0.05545544
0.01763224
0.00059264
0.06865405
0.01120063
0.04426998
-0.09379168
0.01972892
-0.00333130
-0.12239783
0.01294626
-0.04245121
-0.09811776
0.07590045
-0.00609264
-0.13543881
0.06373266
0.06837197
-0.08867105
0.03207356
0.08525962
0.06546754
-0.00939799
0.01907054
-0.07669104
0.00184246
-0.06715745
-0.05609141
0.03417038
0.01193060
-0.08999559
-0.05358819
-0.04236480
0.01716537
0.07470207
0.12976040
-0.00177544
-0.04839819
-0.10163207
-0.08246420
0.05936482
-0.07990757
0.06362990
0.02750229
0.10962266
0.09084308
0.01626693
0.03155959
0.01477868
-0.07402407
0.02209952
0.02187138
-0.03422782
-0.10189716
0.01418993
-0.13307482
0.04363369
0.07668000
-0.01797492
-0.01527999
0.00938105
0.07983573
0.03857294
0.08581125
-0.03103203
0.03208011
0.11436237
0.04158494
-0.02251113
0.09436389
-0.08793315
0.00958325
-0.02175071
0.02566319
0.13477619
0.00792796
0.10281261
0.00237551
-0.05867770
0.00802627
-0.02905162
-0.01293244
0.12416361
-0.01429045
-0.04083023
0.01121574
0.11758681
-0.00732988
-0.07697076
0.09349392
0.00792649
-0.02908263
-0.00729773
-0.10586243
-0.02815552
0.06541101
0.07185768
-0.06881806
0.03267519
0.00080741
-0.09896499
0.03855351
0.13331015
0.05353095
0.07019175
-0.08082835
-0.02149924
0.05996133
0.03500542
-0.03246693
-0.03718610
-0.07275995
0.08877440
0.09819789
-0.05419802
-0.04763860
0.07213638
-0.03119975
0.07856473
0.11542148
-0.02291533
-0.00782064
-0.08404431
-0.05565947
0.12183367
-0.03077058
-0.06121071
0.00791592
-0.08742545
-0.04433292
-0.10133036
-0.03072150
0.08509488
-0.00565854
-0.06391865
-0.03487167
0.07233876
0.06914220
-0.01284500
-0.01408621
0.03506072
0.02181620
-0.08904970
-0.01134648
0.05356341
0.08274170
0.05979967
-0.02398507
0.01495061
-0.04672972
-0.01947016
0.01625666
-0.06138628
0.09010613
0.09583682
-0.01964274
-0.02728205
0.05535900
-0.01341472
-0.07875643
-0.04817232
-0.01252973
0.08753137
0.04797217
-0.04791098
-0.06925993
0.10744500
0.09032074
-0.05136285
-0.10896266
0.04560557
0.03926725
-0.08816399
0.01459911
-0.07933727
0.02907944
0.03446350
-0.05871073
0.10006269
0.02009195
0.06285602
0.00400281
0.03990752
-0.03520338
0.02651079
0.01209730
-0.00001632
-0.00948165
0.00596733
-0.06019950
-0.03764796
-0.01991406
-0.04817294
-0.05056928
0.11031303
0.08884346
-0.03989175
-0.08888089
0.08729415
0.07941527
0.05156269
-0.01919853
0.01882098
-0.01125539
0.08890481
-0.04968006
0.01592862
-0.23056656
0.06845219
0.06178435
-0.23670305
-0.13991104
-0.01325209
0.13358749
-0.02390350
-0.08290238
-0.11855006
-0.27373099
-0.25376716
0.00527388
0.02984205
-0.06950043
0.08349647
0.03186246
0.02869675
-0.14570746
-0.09483336
0.02315268
0.03350632
0.02093536
-0.24219690
-0.08466424
0.08819323
-0.08490473
-0.09194186
-0.01964698
0.10465363
0.19290149
-0.32476866
0.04241347
0.14242999
-0.06945026
0.04518267
-0.07868016
-0.12667082
-0.12510437
-0.12513560
0.06812834
0.07429188
-0.13029292
0.12779534
0.01684220
0.36361828
0.09326966
-0.25230968
0.00253093
-0.04020699
-0.02522867
0.07169397
0.01310659
-0.05021370
0.11324746
-0.01200899
0.04656450
0.04170909
0.05486044
0.04974059
-0.00876449
0.01532872
0.01033352
0.04934282
-0.09780744
-0.02634745
0.01310760
-0.02282893
0.08202454
0.00646589
-0.04365991
0.01681523
-0.02882050
-0.02809769
0.00372748
-0.05561563
-0.04542187
-0.00343297
0.00538556
0.00396715
0.04909069
0.00291245
0.01280389
0.02780015
-0.04368404
-0.04674730
-0.03991310
-0.02845088
-0.00263347
0.01277913
-0.02888344
0.03794327
0.00736837
-0.00288286
-0.02271605
0.00109854
-0.08888913
-0.06337663
0.03695975
-0.03258492
-0.04261804
0.00822733
0.10282829
0.03681889
0.02135996
0.01951558
-0.03052461
0.08640660
-0.07731065
0.00906524
-0.04077293
0.01413002
-0.03808981
-0.01029460
-0.02846538
-0.01907999
0.05299925
0.04028389
-0.02093680
-0.00951449
0.04788859
0.05016454
0.07115317
-0.01380826
0.04344109
-0.00390823
-0.05084697
-0.00588947
-0.01009217
-0.03580155
0.04099392
-0.03259169
-0.06628494
0.04178494
-0.04964095
-0.06575930
-0.02059593
0.02989742
0.01549915
-0.01179156
-0.06722200
0.01129730
0.01020577
-0.07369501
0.00256544
0.03245214
-0.03782807
-0.01868451
0.02606629
0.01480343
0.01956966
-0.02783782
0.06128441
0.01252675
-0.01090708
0.05422045
-0.00682157
0.06327827
-0.05132616
-0.08357726
0.04435618
0.05451638
0.10797422
0.05640595
-0.02217623
0.00427348
0.06017639
0.02645307
-0.01498943
0.02235944
0.05990576
-0.02818207
0.06834988
0.00348221
-0.02730064
-0.02436552
0.08962144
0.06282078
-0.02334316
0.09944393
-0.02982548
0.05571742
-0.02706476
0.01093515
-0.06553300
-0.07893188
0.07903731
0.03964683
-0.00078881
0.05192594
0.01870613
0.05597694
-0.01812626
-0.00164896
0.01376809
0.02131600
0.09212921
-0.05226025
-0.03189348
-0.12504610
-0.00370532
0.00840367
0.05594311
0.03267706
-0.00531818
0.02957578
0.06234014
-0.05873810
0.00399178
-0.07151953
0.03576547
0.04739928
-0.06242440
-0.00337999
0.00465112
-0.01235076
0.00132768
0.01972917
0.02471168
0.06587301
0.00400289
-0.02689579
-0.03746597
0.03800246
0.00063702
0.01321664
0.08565246
-0.01006908
-0.00300632
-0.07098414
0.04270813
-0.04400617
0.01490375
0.01006066
-0.02539440
0.02612400
-0.00331234
0.00728072
0.02106218
0.01405108
-0.01657411
0.00186931
0.04067357
0.04951268
0.05548329
-0.01018776
-0.02891015
0.00314242
0.04652032
0.02878238
-0.04453631
0.00394455
0.05332574
-0.09527665
-0.04907700
-0.07151469
-0.09510869
0.02264301
0.02522466
-0.04522753
0.00717756
-0.04065764
-0.04886828
-0.06262066
0.04476624
-0.00631924
0.01062390
0.00919659
-0.03809055
-0.03435650
0.01011704
0.00710786
0.07095286
0.01439173
0.01913970
-0.00524116
0.01554188
0.04364159
0.00227026
0.08029435
-0.00386958
-0.03085489
0.06007927
0.02869362
0.02369453
-0.03851076
-0.01453124
-0.02036148
-0.08109529
0.02467087
0.00440509
-0.01036438
0.04670560
-0.05933937
0.08090454
0.00171770
0.03112452
-0.06174842
0.03154089
0.01583992
0.00466590
0.02262280
0.06024013
0.04689569
-0.06015615
0.08315519
-0.04344820
-0.03452327
0.01199556
-0.00781125
-0.03910455
-0.02329070
0.00986282
0.00204224
0.04301847
-0.07089024
-0.02750622
-0.02532895
-0.01013734
-0.01162621
0.03546210
-0.03875058
0.08561299
-0.05162703
-0.04447567
-0.06186735
0.04143664
0.06047833
0.03137022
0.01548316
-0.05260416
0.11947015
-0.02968786
0.00201345
0.06757331
0.08020978
-0.09624483
0.01727701
0.00218431
0.01717294
0.02841804
0.06096546
-0.01120660
-0.08076596
-0.01605309
-0.01280141
0.00054993
0.03499776
-0.05210124
-0.00615334
-0.00887065
-0.02420304
0.03312425
-0.00388476
-0.05390269
-0.00677843
0.02561755
-0.04496549
-0.06205069
0.02203634
-0.05607885
0.08980568
-0.01899407
0.00699424
-0.10574720
-0.00450938
0.03987110
0.01743612
0.01069259
0.07678974
0.02555491
0.06114020
0.01032158
-0.04929328
-0.04392228
0.07638726
0.05804962
0.02458867
0.04840844
0.03523123
-0.04898019
-0.02445685
-0.01103018
0.03784148
0.00651314
-0.05480843
-0.00200052
-0.05486204
-0.01597571
0.08108117
0.07736629
-0.01208327
0.02359379
0.00067030
0.00501210
-0.00307581
0.03231028
0.01588392
-0.06675738
0.05079925
-0.04659538
0.04568673
0.00718635
0.10586320
-0.07209327
-0.00106213
-0.00949364
-0.02978058
-0.01900300
0.09450921
-0.04790939
0.05920084
0.04291443
-0.01196950
0.00655422
0.01508656
-0.01698236
0.06353252
-0.02585217
0.06510890
-0.06837230
0.00459363
-0.03840663
-0.01683419
0.00391483
0.02580787
-0.05962157
0.01121825
-0.02215740
-0.03074993
-0.02626516
0.05004782
0.03935547
-0.01516660
0.05838339
-0.01348691
-0.03305010
-0.02971120
-0.04092038
0.00708911
0.01875272
-0.01911681
-0.02976419
0.03975271
0.06701206
0.02734903
0.01521134
-0.00714143
0.01379667
-0.03704154
-0.00372082
0.03027404
-0.00336066
0.03243104
-0.00263106
0.01546707
0.09309220
0.03622369
-0.04160854
0.02418337
-0.00882754
-0.02590596
-0.08186202
0.01660380
-0.03476014
0.04716485
0.10453278
0.00097291
0.01156022
0.02877775
-0.01269807
0.01556565
-0.00786731
-0.00896750
-0.00591476
0.06289790
0.03840870
-0.01510214
-0.02394069
0.00230767
0.02220862
0.06379651
0.12231866
-0.03732720
0.06262358
-0.13672131
0.03877698
-0.01064379
-0.03116365
0.03341184
-0.02086191
-0.05308919
-0.02048095
-0.01774452
-0.01045501
0.04283157
0.03537172
-0.03746799
0.04882319
0.07991595
0.03676739
-0.00240992
0.08127765
0.02056900
-0.02520229
0.04145959
0.03692708
0.00021832
-0.00671269
0.01592492
0.07513499
0.04567593
0.03303810
-0.08508328
-0.00882948
-0.04568706
0.06227347
0.00994281
-0.03870019
-0.04083033
0.02557058
0.07062554
0.03575757
-0.06330588
0.08822788
0.06705663
0.05642739
-0.04302758
0.01611891
0.00642396
0.00291623
0.10683898
-0.03848687
-0.02777405
-0.02835682
0.04780687
-0.00513780
0.00347100
-0.02508594
-0.09940659
-0.02393825
-0.04716580
0.08077575
0.04067720
0.01900765
-0.08933625
0.05270069
-0.00682364
0.00209131
-0.03884239
0.05227286
0.00339566
0.03241067
0.03386684
0.01832126
-0.03655253
0.02833797
0.03062804
0.00730909
-0.04783554
