0.09880984
0.06214023
-0.02622011
-0.04108863
-0.06486670
-0.02429623
-0.04221843
0.08304973
0.04795021
0.03549806
0.04515021
0.06441058
0.11720584
0.07927305
-0.04369247
0.01597187
-0.05409416
-0.08875133
0.02327112
-0.09442157
-0.09336507
0.01077532
-0.01803024
0.08327867
0.04136171
0.02999386
0.05165136
0.05966175
0.01637938
0.01229682
-0.08515879
0.09819555
0.06714169
-0.09735860
0.07994949
0.07763796
0.00084418
-0.08515132
0.06092165
0.07012265
-0.11568066
0.03931205
0.10050387
-0.06894767
0.06968033
0.09081231
0.04317303
0.03389014
-0.07280008
-0.02053677
0.00599468
0.08441679
0.09907943
0.03785874
-0.01616498
-0.08522645
-0.01422473
-0.05975786
0.05511412
0.01105966
0.05473758
-0.11058061
-0.07035751
-0.04712356
-0.02287753
-0.00427251
-0.04384746
-0.00122510
0.05217322
-0.02339930
0.04391719
-0.07424345
-0.01414121
0.00630078
-0.11280535
-0.01415320
0.02126487
-0.09121556
0.07632043
-0.03435338
-0.10116322
0.07211797
0.08818474
-0.10217539
0.00589222
0.09648891
0.07778961
0.00159503
-0.03173389
-0.06491052
0.01538628
-0.02518057
-0.04231448
-0.03181577
-0.02657392
-0.12186936
-0.04396244
-0.04930755
0.06237657
0.07600719
0.13417782
-0.03311376
-0.08110080
-0.02537558
-0.04501890
0.05160755
-0.04015209
0.06449463
0.08512291
0.08998158
0.10948618
-0.02715379
0.05653756
0.01421318
-0.02634345
0.04143576
0.03931976
-0.04584154
-0.12536336
0.01267171
-0.12853624
0.02341821
0.03828606
-0.05448044
0.00799618
0.01360659
0.03750827
0.01483663
0.08916955
-0.01681085
0.01966002
0.05459688
0.01008860
-0.02991108
0.07246166
-0.08825854
0.02063000
-0.05572696
0.02377294
0.12248061
-0.01946723
0.12182694
0.04666226
0.00370523
0.02239091
0.00243560
-0.04929418
0.10373069
-0.01228391
-0.01829151
0.00326516
0.10561727
0.00592277
-0.09362166
0.06829107
0.03957061
0.01240260
-0.03460282
-0.07941702
0.03326459
0.05455343
0.04370486
-0.00757442
0.03150652
0.03173187
-0.07824080
0.03328062
0.13090506
0.08254878
0.06480535
-0.12522289
0.01675317
0.06894102
0.01693358
-0.00346860
-0.03591348
-0.05016693
0.06495780
0.10112497
-0.01234252
-0.03785909
0.09905870
-0.03092613
0.05989815
0.06290370
-0.04780437
-0.00713361
-0.03201587
-0.06051500
0.10135615
-0.03532893
-0.02710139
-0.00251457
-0.09960589
-0.02845589
-0.11483318
-0.03560932
0.06751666
-0.01618761
-0.07788471
-0.05430246
0.08535623
0.06648926
-0.02699106
-0.00627231
0.00364669
0.02550118
-0.08440394
0.02751070
0.09322720
0.07802852
0.08793036
0.00679432
0.05566452
-0.07250042
-0.02517789
0.06190363
-0.06718820
0.10218514
0.12206572
0.02903681
-0.01963290
0.04926949
-0.05010685
-0.06187930
-0.00216896
-0.01319235
0.10161178
0.05095119
-0.07273155
-0.06102067
0.09820259
0.05057874
-0.00591606
-0.10115035
0.06604039
0.01911144
-0.10316040
0.02641337
-0.10498112
0.09669670
0.02334245
-0.06273607
0.11453035
0.00290717
0.02846434
0.01319706
0.03759314
-0.02918410
0.04401812
0.00844012
-0.03501312
-0.03847632
-0.01116051
-0.07967388
-0.05746482
0.05791829
0.04747609
-0.08753788
-0.06415999
0.17955557
-0.14686485
0.04628961
0.10868342
0.05217591
0.02303984
-0.15182212
-0.01891116
0.11327129
0.14978045
-0.08054749
-0.06017718
-0.27373469
0.02163134
0.04675391
-0.18813273
-0.23442380
0.00683401
0.09509411
-0.05442893
0.02225297
-0.17017524
-0.22235991
-0.06685939
-0.08715633
-0.01482500
-0.00583166
0.02068959
-0.16614613
-0.09408004
-0.21188703
0.01131038
0.12265099
0.05202366
-0.09640407
-0.19730134
-0.05034399
0.02905666
-0.05787370
-0.09365559
-0.02346045
0.06330615
0.21863836
-0.27912155
-0.04894767
0.11591595
-0.13792488
0.04662214
0.03059241
-0.01177930
-0.09329198
-0.12360884
0.09771340
-0.02201021
-0.15269256
-0.03229791
-0.00541630
0.41674632
-0.01469596
-0.08695571
-0.00413202
-0.05123531
-0.01636742
0.08474522
0.04032689
-0.02321309
0.09077578
-0.05620778
-0.00464435
0.08466578
0.00584408
-0.00892803
0.04617878
0.02289140
-0.01418480
-0.03829575
-0.11244948
0.00026199
-0.03546508
-0.01515935
0.04590056
0.05047911
-0.02018788
0.03359695
0.00530574
-0.03992819
-0.01794533
-0.01542236
-0.05344591
0.08067507
-0.02940121
0.06367752
0.07251212
0.03574965
0.01748697
0.06964079
-0.00219190
0.00028509
-0.02471012
-0.03671290
-0.02518360
-0.05317513
0.06747507
-0.02262759
-0.02296164
-0.07849886
0.02169583
0.10402781
-0.03460657
-0.00160335
-0.00227799
0.02871614
-0.00914344
0.00611260
0.02556667
-0.00511769
-0.01740281
0.00292838
-0.04168392
0.05793453
0.02247101
-0.03781817
-0.03794507
0.01594613
-0.03506196
-0.03790724
-0.03287448
-0.02919627
0.03755798
0.05187602
-0.03565851
0.07514344
-0.06490880
0.02434393
0.03883172
0.03790409
0.03463481
-0.07127850
-0.02621239
0.03761636
-0.02479296
-0.03399171
0.04850534
-0.00720762
-0.00222394
0.01952868
-0.01422371
-0.09481862
0.03146598
0.00934743
0.01760785
0.02475648
-0.02881958
-0.01085073
-0.02104091
-0.06046303
-0.00372073
0.02715320
0.01188118
-0.03604780
0.01722064
-0.00388270
-0.04299511
-0.02312505
-0.00210559
0.06927612
-0.05449677
0.06872193
-0.01611457
0.00406681
-0.09558608
-0.07866865
-0.04289281
-0.00370723
0.03012440
0.06031609
-0.04047855
-0.02819895
0.06004041
0.08516765
0.02467192
0.03486911
0.07542724
0.00831173
0.06879292
-0.03222713
-0.02318029
0.02395565
0.09944011
0.07972028
0.00848925
-0.00310321
-0.03721135
0.08305966
-0.02892759
0.04030931
-0.08848459
0.03140068
0.05277935
-0.00364590
0.03911494
0.02376251
0.03531625
0.03559048
-0.06582459
0.02031352
-0.02293045
-0.04346194
0.06039908
-0.01352528
0.02459563
-0.12015469
0.01195892
-0.00732045
0.06535988
0.00344114
-0.02407906
0.03575659
0.05293961
-0.05957404
0.04227310
0.01034139
0.05078993
-0.01965003
-0.07095072
-0.08547590
0.01790155
0.00623488
-0.04748607
0.09053712
-0.01717351
0.05026030
0.06992952
0.00533621
0.02853643
0.05440722
-0.01893449
-0.01541310
0.05199568
-0.00314312
0.01064084
-0.06914692
0.01979171
0.00928790
0.00618850
-0.00251962
-0.03016256
0.00198368
-0.04929768
-0.06544115
0.01211741
0.00594391
0.04723646
0.01785876
0.01870722
0.05005354
0.02938456
-0.05595962
-0.06346337
0.00624810
0.04902627
0.03223588
-0.01154012
0.00760534
0.03841147
-0.06810392
-0.02817138
-0.06914300
-0.00038266
-0.04241074
0.00358776
0.00031420
0.03827270
-0.07670453
-0.02207952
-0.07891472
0.01955905
0.05477802
0.01191070
0.02428045
0.01339456
-0.04568095
0.05879536
0.00495135
0.06403133
-0.06530222
-0.01971372
-0.08968201
-0.03244130
0.08953097
-0.04722273
0.05183257
-0.04105918
-0.04294632
0.06679238
0.02080960
-0.05210951
-0.00182046
0.00404488
-0.00692340
-0.02888971
0.02942497
-0.08433828
0.00029355
0.00125056
-0.07827301
0.08392692
-0.01667242
0.02697156
-0.04972591
-0.01745410
-0.01431865
0.04009414
-0.02626616
0.01530917
0.00559321
-0.02418019
0.13938437
-0.01752152
0.04607436
0.01351480
0.00465901
-0.02968670
-0.04133123
0.02804324
0.00786641
0.08028558
-0.05736274
-0.08538149
-0.06763925
-0.05326342
-0.02360759
0.07646165
-0.01689704
0.03965738
0.01706588
0.06607963
0.01533719
0.05080967
0.08589561
0.05246257
-0.00115459
-0.04522922
0.03117325
-0.02639689
0.00618437
0.01501564
0.09745942
-0.02384628
0.05928414
0.03145320
-0.08131424
0.09548643
0.01835795
-0.07138702
-0.04627299
0.01354533
0.05072727
0.01089591
0.00030985
-0.00694219
0.02574557
-0.05197662
-0.02674728
0.04899720
-0.02645000
0.00397403
0.02007326
-0.00643314
-0.03745626
-0.01249731
0.00415690
-0.07701885
0.07671773
-0.04205426
0.03342487
-0.04724824
0.04332433
0.02315222
0.02009314
0.00892314
0.01074116
0.05670901
0.01068945
0.04330264
-0.06340785
-0.05967123
0.01149922
0.05474271
-0.01037216
-0.00055879
0.05693436
-0.04371899
-0.02612868
-0.04779350
0.03004269
0.04320889
-0.04253541
-0.07057572
-0.07376178
0.04045903
0.04202194
0.04284604
0.01765973
0.06408854
0.00678954
0.00661534
0.00356958
-0.05147526
-0.07046749
-0.02067996
0.00846194
-0.07141163
0.08861861
0.08185934
0.06602526
-0.10732578
-0.01832193
-0.00754800
-0.02509477
-0.05562061
0.02021236
-0.01305719
0.03566867
0.00827325
0.03025251
0.04850426
0.00016192
0.00537040
0.01722539
0.03555102
0.02822402
-0.02384043
0.03200530
0.01622412
0.01541097
-0.02215336
0.06410433
-0.08195388
0.03312066
-0.02053007
-0.02999496
-0.02565400
-0.00184443
-0.03561234
-0.02163070
0.01502756
-0.02033008
0.00316702
-0.04399869
-0.00012708
0.01333348
0.01445339
0.04665470
0.00101052
0.00708558
-0.00061274
0.03009628
-0.01289475
-0.03458604
0.01093700
-0.04258488
-0.03404751
-0.02675900
-0.00350525
0.04583558
-0.00940849
-0.04042590
0.03422811
-0.04098941
-0.02739979
-0.01147366
-0.07416264
-0.01973039
0.00533065
0.01732103
0.03540639
-0.00615117
0.06712963
-0.01976518
0.02757851
-0.01463060
0.01451167
-0.02830694
-0.00100337
-0.01958795
0.01341918
-0.00712618
0.02090468
0.01794548
-0.01810808
0.00166724
-0.03360126
-0.08292846
0.07953056
-0.02301027
0.02319214
-0.08914238
-0.06726427
0.06641557
0.06380865
0.05794863
-0.07562161
-0.08465695
-0.02193317
-0.02742549
0.10660657
0.01374001
0.03125532
-0.02753672
0.06641263
-0.00115486
0.06271853
-0.07521216
0.04766282
-0.08323558
0.03222245
-0.04995625
0.01243519
-0.05193219
0.00807320
-0.02150082
0.04192466
-0.03883786
0.00615634
-0.02413801
0.04489243
0.02490826
0.04889489
-0.01474748
-0.00651281
-0.10014940
-0.00696203
0.09440641
0.01929335
0.01494387
-0.00824782
0.04456886
0.03097770
-0.06628741
0.01252746
0.04713975
-0.04667101
0.11667147
-0.06954322
0.01148278
0.02077587
-0.01296352
0.02364244
0.04004618
-0.06770449
-0.10698241
-0.00145208
-0.02676480
0.01765459
0.01204904
0.03967198
-0.02330592
0.00606281
0.03402740
-0.01300001
0.00407969
0.02126841
0.01103433
0.00316676
0.01728156
-0.01357019
0.02982874
0.00272464
0.04550115
0.02992994
0.01995135
