0.08470246
0.02462042
0.04540294
0.04458614
-0.08622407
-0.06733672
-0.04232723
0.04613082
0.09463406
0.09505338
-0.02701353
0.06983062
0.12042250
0.07438362
-0.09009727
-0.06475225
-0.07110549
-0.10628372
0.05324130
-0.08546902
-0.02820064
0.04059903
0.01669304
0.00853508
-0.06386682
-0.02278939
-0.00045713
0.07848171
-0.06570095
0.03125912
-0.07809912
0.05720742
0.11528151
-0.03192312
0.04851096
0.09844230
0.08472779
-0.06109951
0.09164026
0.01506797
-0.09654032
-0.00226074
0.13513742
-0.02789736
0.10816437
0.08358546
-0.01219860
0.03256806
-0.00425148
-0.00046329
-0.08954439
0.05350635
0.07814800
-0.05506233
-0.04887837
-0.07476494
-0.10134500
-0.03942665
0.06686151
-0.00811743
0.02615721
-0.05705118
0.01742276
-0.03408620
-0.02744093
-0.05584455
-0.04968673
0.02037382
0.11682807
0.02094471
0.07378012
-0.06134778
0.01216257
0.01956489
-0.08208031
-0.02785296
0.03689339
-0.05344293
0.08211764
0.02380781
-0.07320765
0.03821064
0.07950379
-0.06991688
0.07887059
0.04588754
0.06221785
0.03834792
-0.00853963
-0.05190487
0.02255139
-0.05213536
-0.10411061
-0.06888273
0.06321951
-0.07255211
-0.01359865
-0.00509536
-0.01699555
0.09469268
0.06060864
-0.04087653
-0.05093637
-0.04323397
-0.08595718
-0.01732694
-0.08580557
-0.02413653
0.06802534
0.09210651
0.04982924
0.03820911
0.08439928
0.02868301
-0.05227561
0.04560133
0.06682804
-0.11889714
-0.09758677
0.07475956
-0.05985320
0.05748484
0.05142074
-0.04474461
-0.00706377
0.02553398
0.10396040
-0.03245481
0.01107016
0.05838983
0.04160534
0.07520381
0.03927748
0.01977963
0.07594640
-0.12409993
0.03963602
-0.05289327
0.01930794
0.10712685
0.04908746
0.07910641
-0.01533425
0.10492603
-0.06202601
-0.04867721
-0.01788228
0.16467570
-0.02462924
0.05625040
0.05587259
0.02129252
-0.03637512
-0.01706231
0.07911225
0.11485825
0.00567680
-0.01202067
-0.10426441
-0.01745125
0.06338309
0.02749632
0.06411798
-0.04174203
0.00533422
-0.12028740
0.04719459
0.08501512
0.04078872
0.03797405
-0.13941202
-0.03045536
0.06243696
0.04015038
-0.02025525
-0.05089238
-0.07312135
0.05754189
0.06196180
-0.06865803
-0.01270501
0.07335667
0.00047473
0.09039399
0.03825221
0.03658430
-0.06844825
-0.02130143
0.00986622
0.10053053
0.00540470
-0.04161485
-0.00958859
-0.09327140
-0.07335173
-0.08705422
0.05164236
0.06575499
-0.05929864
-0.09277128
0.01783760
0.10434187
0.04544490
-0.08195804
0.04005584
0.01033734
0.07324114
-0.04881316
-0.03246997
0.09983432
0.07523473
0.06195660
-0.08863170
0.03144943
-0.09366450
-0.04216439
0.00324367
-0.03215180
0.06253105
0.11752818
-0.04855368
-0.05061176
0.01867094
-0.08305050
-0.00391497
-0.03405190
0.01834697
0.07764755
-0.01710208
-0.05896140
0.02685202
0.12049192
0.03448305
0.03942437
-0.06921579
-0.00009701
0.06488552
-0.09416429
-0.03320385
-0.04500742
0.07240927
-0.00540925
0.02855342
0.06262567
0.02827024
0.02701266
0.01376489
-0.04530926
-0.00482304
0.06558010
0.00285983
-0.02527426
-0.04034138
-0.05331267
-0.07965583
-0.03219853
-0.01860486
-0.07975139
-0.02096738
0.04076344
0.09998918
-0.20673113
0.06709846
0.10798199
-0.05667660
-0.03426304
-0.08522151
0.07920674
0.05447876
-0.02732556
0.00178095
0.06682283
-0.18751235
-0.02754943
0.15820926
-0.23935650
-0.13658059
-0.04132875
0.02213284
-0.13371277
-0.08102836
-0.09868944
-0.18306898
-0.25000906
-0.01863899
0.02936081
0.08878406
-0.00807854
0.02807928
-0.02839381
-0.15544672
-0.02224548
0.14391850
-0.02128841
-0.05079595
-0.19598521
-0.13444237
0.11026096
-0.10971675
-0.14903337
-0.08319061
0.06956305
0.17043091
-0.23387313
-0.04458789
0.21428198
-0.04013107
0.18081020
-0.01846371
-0.18630013
-0.06016938
-0.19984518
0.07948500
0.07044724
-0.03242023
0.05565810
0.17837305
0.31472638
0.14887825
-0.20015635
0.04364924
-0.06188547
-0.06603354
0.05419808
-0.00310483
-0.04631567
0.09750461
-0.06628473
-0.00727170
0.13203502
-0.01505406
-0.00516597
-0.01010179
-0.07210397
0.02070278
0.02354540
-0.05665271
0.00264650
0.04480115
-0.01766969
0.01700338
-0.00852027
-0.00589935
0.05399038
0.04637601
-0.03788672
-0.06224464
-0.02703954
-0.09768198
-0.01939810
-0.01114701
0.05833893
0.04748403
0.00200145
0.01816770
-0.02637670
-0.01354919
-0.06214425
-0.03361682
-0.02033345
-0.06030745
-0.02950983
0.06609219
0.00117325
-0.03536856
-0.03990640
-0.01586967
0.00415929
-0.00658284
-0.01464170
0.02001909
0.05792175
-0.04763233
-0.00300490
0.02058766
-0.00422258
-0.01710910
0.04176539
-0.05378916
0.00480770
0.05906164
-0.02485759
-0.01875315
0.07270209
-0.06914530
-0.08321032
-0.01473009
0.00417989
0.05348975
-0.02643703
0.01663771
0.06420770
0.00776694
0.03434734
-0.00217537
0.08640507
-0.02882357
-0.04348248
-0.05304187
0.01245389
0.02480786
-0.01322998
-0.05159991
0.03138988
-0.04046686
0.02989529
0.02926381
-0.06456964
-0.05748443
0.02219559
0.01898384
0.03679392
0.00103914
0.00999142
-0.01887779
-0.07189232
-0.06313890
0.05478438
0.01695809
-0.02755113
0.06734076
0.00464894
-0.00198414
-0.08656669
0.03081288
0.05993290
0.04484013
0.03865371
-0.06857843
0.02315727
-0.06039541
-0.08873118
-0.00995794
0.04452618
0.04524890
0.05036706
-0.00009342
-0.04520525
0.04453256
0.05226694
0.01495506
0.03756256
0.07429934
0.02386382
0.05133707
-0.07868329
-0.03402533
0.00721150
0.07159359
0.03309946
0.01185747
-0.03936024
-0.04740136
0.06174774
-0.02913807
-0.03507968
-0.05550430
-0.01849877
0.00548812
0.05998861
0.03060734
0.03871275
0.01174283
0.03003975
-0.05331422
0.04061702
-0.00842925
-0.01107030
0.06773789
-0.06055362
0.05947421
-0.10743592
-0.02188611
-0.04764806
0.07274019
-0.05057804
0.04200483
0.01065093
-0.00544431
-0.04204316
0.04589695
-0.01658521
0.03131196
0.01466223
-0.02607129
-0.03001532
0.02297581
0.05503674
-0.08812805
0.01621286
-0.01532231
0.06439489
-0.02861714
-0.07387472
0.00732888
0.02429050
-0.03057253
-0.00909036
0.02021971
0.05595377
-0.02150923
-0.05798997
0.02743325
-0.02690298
-0.00289720
0.01763362
-0.02121211
0.06055369
-0.01848631
-0.04091312
-0.00397795
-0.02297277
0.04100401
0.04025793
-0.03131864
0.00621673
0.02911439
-0.02031240
-0.03704073
0.02054572
0.00879096
-0.02022695
-0.04094050
-0.00462899
0.09433094
-0.06593789
-0.00157368
-0.05555889
0.00799325
-0.04719749
0.02980109
-0.06809618
0.07603785
-0.03786942
0.00531882
-0.02840849
-0.04764886
-0.03382930
-0.00791361
-0.02573247
-0.05021132
-0.03562844
-0.02146048
0.05222205
0.08525164
0.06264340
-0.08177353
-0.08263699
-0.07443018
-0.00241914
-0.02603776
0.06072949
-0.00451176
-0.08171001
0.02912728
0.00809443
-0.00999756
0.01107748
-0.01018677
0.00477689
0.02105455
0.07683063
0.04106476
-0.02344884
-0.04430016
-0.07634865
0.05312990
-0.00228423
-0.04531508
0.00726850
-0.04827833
-0.06410628
-0.05823032
-0.02303925
-0.01050514
-0.02150988
-0.07723787
0.08121038
0.03219664
0.03404079
0.03550074
-0.02724322
-0.02866453
0.02825257
0.09299128
0.00939966
0.01746530
-0.07100809
-0.03260630
-0.06159883
0.01217391
-0.02852195
0.01597269
-0.05955609
0.04913906
-0.01451190
0.04154690
0.05511241
-0.00361606
-0.04643919
0.03137452
-0.05097102
-0.00873058
0.03801896
-0.01969341
0.00078832
-0.03206493
0.05935593
-0.04662038
0.02286751
-0.01048443
0.01106618
0.03832648
0.06868952
-0.05534117
-0.03534685
0.03036651
0.04514688
-0.04460881
0.01908702
-0.05722065
0.00499796
-0.07060134
-0.00779074
-0.04726956
-0.03081935
-0.00314633
-0.04822175
0.01292138
-0.00532910
-0.01918481
-0.02446071
-0.06459796
0.07134842
-0.07223748
-0.00189402
-0.08253076
-0.02508052
0.07464247
-0.01595742
0.05097213
0.00680902
0.01651330
0.03617476
0.05898317
-0.00952990
-0.05830877
-0.03099456
-0.01571025
0.02560625
-0.04048332
0.04474721
0.02106781
-0.02098997
-0.01232018
0.02912012
-0.02030779
-0.03033109
-0.12582965
-0.02866753
-0.00724034
-0.00536760
0.06347392
0.07430742
-0.01900432
-0.07339096
-0.02552622
0.01469744
-0.00212312
-0.01037428
-0.08786545
0.03663818
-0.02669564
0.01970973
-0.01999258
0.03752446
0.01880260
0.02947722
-0.02911334
-0.03883559
-0.11056934
0.07178094
0.02106841
0.03128014
0.02479047
0.04797502
-0.00072596
-0.05460906
-0.04891609
0.03241714
0.03324901
0.10438003
0.01621786
0.04107612
0.03583573
0.00353885
-0.00617472
0.03098992
-0.03339898
-0.06204378
0.04042086
-0.00422573
0.00283310
0.06392561
-0.02517742
-0.02586731
-0.02270313
-0.10786650
-0.00700271
-0.11532433
0.07775760
-0.00926817
0.04955641
0.00456165
0.07116614
0.07221346
-0.05543499
0.01762388
-0.01720107
-0.01818954
-0.06373786
-0.08807455
-0.00593116
0.03275874
-0.05847774
-0.00868800
-0.01917446
0.03735283
0.01803915
-0.01901745
-0.06782419
0.04831406
-0.01253462
-0.00847519
0.03508886
-0.00758899
0.04570258
-0.00181101
0.02854699
-0.10029014
0.00571759
-0.00219252
-0.00155687
-0.01903772
0.06812720
0.00918900
-0.01963565
0.00866853
0.05738478
-0.00475981
-0.01962315
-0.02130942
0.01849449
-0.02438222
0.07507141
-0.05267639
0.00450797
-0.07668650
0.00379990
0.00313646
0.02802195
-0.03864387
-0.06833670
-0.11451398
-0.03829554
0.03817073
0.03736693
-0.02890309
0.06379162
0.01061005
0.00125011
-0.03546337
0.03369318
-0.05236823
-0.00392861
-0.05078557
0.03466665
-0.00310558
-0.00772339
0.03923479
0.00769654
-0.05231110
0.02271695
-0.00438043
-0.01254413
-0.06276794
-0.05475478
0.07203399
0.04433634
0.00644383
-0.04642336
-0.07210811
-0.00027487
0.01718418
0.04329631
0.05812058
-0.02982137
0.04573902
-0.02915572
-0.10533249
-0.03105093
0.05491927
-0.00335766
0.07266156
-0.07098030
-0.01296052
-0.01743213
-0.07848792
-0.03724079
0.09468205
-0.04151838
-0.06457725
0.04118891
-0.03934413
0.03933451
-0.01683081
-0.02130244
-0.00762827
0.01003223
0.00957451
0.01372141
0.03129027
-0.00931451
-0.01636737
0.02357103
-0.03687130
0.00848065
0.05723476
-0.04107895
0.01017768
-0.00881380
0.01779174
