0.00984649
-0.00238163
0.01284549
0.03577601
-0.08466087
-0.05297705
0.01222788
0.04944476
0.09631813
0.03403664
-0.07490680
0.09523059
0.03340700
0.00239512
-0.10161225
-0.01645419
-0.00785006
-0.00806934
0.08488117
-0.08022596
0.08052142
0.04638250
0.10416172
0.09099014
-0.07690591
-0.05870623
0.06159104
0.02917685
-0.05627380
0.07786874
-0.02515218
0.04019442
0.09123044
0.02326807
0.02542218
0.04182133
0.11083928
-0.09634337
0.03674868
0.03250856
-0.08989836
-0.00769630
0.11583160
-0.06715541
0.11125717
0.05218939
-0.04405040
0.03367731
0.02188225
0.05407307
-0.06619374
0.06079118
0.05558482
-0.08685876
0.03868356
-0.07798794
-0.08946549
0.00192095
0.09443688
0.00200471
0.06476200
-0.07229105
-0.05089914
-0.07664309
0.07242011
-0.08751692
-0.04915285
0.02450480
0.11218754
-0.03939028
0.08395372
-0.05649446
0.01472811
-0.00109494
-0.04412186
0.00724171
-0.05297171
0.04056745
0.03900440
-0.06589571
-0.08139786
-0.01288886
0.04979828
0.00243147
0.07885782
-0.00923326
0.10139526
0.00526390
-0.01947982
-0.03812872
0.05775121
-0.00014305
-0.04852278
-0.07502256
0.04936746
-0.07980833
0.08217400
0.02125047
-0.05906441
0.05873071
0.00357561
-0.04337736
-0.03215760
-0.02961476
-0.09740668
-0.04516755
-0.06120665
-0.06757960
0.08503497
0.09460070
0.00043555
0.03982479
0.00847845
0.07118212
-0.05182549
0.07246557
0.02422656
-0.09945665
-0.06162910
0.03807184
0.03028615
0.07443260
0.06706091
-0.00626232
-0.07984447
-0.04627188
0.10678383
-0.04997343
-0.06972896
0.09429692
0.10977618
0.07226422
0.05186537
0.00036995
0.08227497
-0.02983946
-0.02624315
-0.03750785
-0.05842899
0.07617113
-0.00194455
0.09938722
-0.06934595
0.06869949
-0.00395773
-0.07460262
0.00024217
0.07892691
0.00946405
0.00664681
0.08804139
-0.05547880
-0.04364702
-0.02609817
0.05109540
0.09307358
-0.01379774
0.07635212
-0.06867427
0.05658771
0.06908614
0.02878421
0.07325953
-0.10509258
0.05775184
-0.04901802
0.08517054
0.07078376
-0.02837098
0.08369089
-0.09591647
-0.03849592
0.01099421
0.02165438
-0.04893484
-0.02648312
-0.00722898
0.06845129
0.07316661
-0.09246319
-0.08749775
0.08756055
0.01847088
0.06442507
0.03237611
0.07389501
-0.10360810
-0.06567235
0.06632645
0.01959386
0.08307745
-0.04160452
0.05911477
-0.11859788
-0.04803934
-0.05677189
0.09530950
0.03803652
-0.07572281
-0.04619322
0.03800140
0.01454638
0.05979452
-0.09676240
0.04756620
-0.00954114
0.08475202
-0.05424753
-0.02864784
0.10797923
0.05830707
0.09192683
-0.02873543
0.07852087
-0.10530462
-0.03177475
0.03182504
0.01449878
0.05494242
0.11194877
-0.03302374
-0.05427477
-0.01424192
0.07547172
0.10960102
0.06798053
0.05168161
0.00946892
-0.01689640
0.03851229
0.01302889
0.07657868
0.03523686
-0.02581044
-0.12294137
0.00812221
0.03952154
-0.10555273
-0.04166435
-0.10812142
-0.02525132
0.02160821
0.06102907
0.08904213
0.02246400
0.06709388
-0.06244350
-0.00999497
-0.06135007
0.03018148
-0.06601720
0.04854815
-0.01915322
-0.09415551
0.01293940
-0.09825458
-0.00970710
-0.04583402
-0.08302400
0.01594287
0.06450246
-0.16867656
0.06657743
0.07958491
-0.00547728
0.04873650
-0.08654563
0.09177431
0.00504952
0.05715591
-0.01639194
0.01917497
-0.27535760
-0.01558345
0.07217640
-0.27171004
-0.14012094
-0.03852600
0.10389137
-0.06064574
-0.05664491
-0.12194792
-0.20754902
-0.23480090
0.01063034
-0.03514425
0.00530057
-0.02115996
0.01279507
-0.03448551
-0.17781149
-0.05675958
0.13359927
-0.00034594
-0.07609634
-0.21255343
-0.08357219
0.03986026
-0.05144477
-0.12990849
-0.06973684
0.08863532
0.18663260
-0.29201972
-0.03875252
0.15881668
-0.04134453
0.11705507
0.01080979
-0.15837716
-0.05232245
-0.21522623
0.09336180
0.08602250
-0.11141135
0.11180296
0.09373642
0.36110011
0.08142140
-0.21694310
0.05123032
-0.05010964
-0.04929524
0.03366506
-0.00095093
-0.03852088
0.09008375
-0.05897294
-0.03407509
0.12344917
0.00901278
-0.02110146
0.00573628
-0.03724338
-0.00152393
0.05809480
-0.02679160
0.02308674
0.04385350
-0.06880160
0.02539208
0.00867004
0.03258797
0.01151435
0.09340381
-0.01346562
-0.05375154
-0.00648812
-0.10135721
0.00314065
-0.03631300
0.06326677
0.04499324
0.00774483
0.06979103
-0.00463271
0.01377030
-0.06042194
0.00301610
-0.04196909
-0.08208896
0.00319900
0.05837004
-0.02648213
-0.04271562
-0.03124299
0.00609480
0.04595538
0.03585123
0.00128162
0.02577838
0.07462435
-0.02262805
-0.00466062
-0.01553646
0.00056596
0.01807147
0.05604734
-0.06159424
-0.01917112
0.08213060
-0.00298664
0.02757304
0.08400512
-0.07041583
-0.07087188
-0.05233915
0.02450083
0.01215417
-0.03810697
0.01835346
0.05371654
-0.01903121
0.06012717
-0.00090938
0.09544691
-0.06219146
0.01039749
-0.06569934
0.03045696
0.00636412
-0.01130656
-0.07679501
-0.02020926
-0.03420082
0.03559348
0.02168719
-0.09294779
-0.07601032
0.01577905
0.01782363
0.02420183
-0.00496781
0.01192629
0.00298513
-0.06806717
-0.05297890
0.03997670
0.03010462
-0.01524097
0.06884792
0.00510732
-0.00915773
-0.12957464
0.05012966
-0.00584428
0.04875170
0.01945517
-0.06385214
0.00530120
-0.04860265
-0.10593596
-0.02342821
0.02182520
0.05266830
0.03577116
0.03758896
-0.06022839
0.02116407
0.05885333
0.03055458
0.05529808
0.07167608
0.02492282
0.00878596
-0.08049564
0.00436512
0.00417186
0.05428302
-0.00552147
0.01685196
-0.04858414
-0.04403036
0.03018338
0.01991714
-0.01760921
-0.03334037
-0.03686767
-0.02843105
0.04249422
0.00943275
0.00402134
0.02115208
0.02994593
-0.00702915
0.04454336
0.00621621
-0.01859312
0.03455230
-0.05110797
0.06453633
-0.11239458
-0.03001054
-0.01997611
0.08229779
-0.05349664
0.06492092
-0.01631041
-0.01467124
-0.02976549
0.05278017
0.01501242
0.04396669
-0.00530395
0.00084216
-0.03634968
0.05024755
0.04277314
-0.06987002
-0.00349717
-0.04017371
0.04524479
-0.01055106
-0.06155294
0.03617041
0.03465525
-0.03618542
-0.00196053
0.01047224
0.02337535
-0.00088090
-0.05465581
0.02280426
-0.02240214
-0.03913668
-0.01785315
-0.02166169
0.05244668
-0.00374461
-0.02912233
-0.02554893
-0.04585581
0.03191433
0.04482886
-0.05412891
0.00710315
0.04004297
-0.01610349
-0.00799546
0.01076633
-0.01230786
-0.00723840
-0.06567578
-0.00965849
0.05888963
-0.06471156
-0.03076220
-0.02518557
0.05006008
-0.02254712
0.03928814
-0.07963024
0.07023119
0.01662385
0.02179074
0.00602496
-0.06820852
-0.05443863
-0.01916985
-0.04490513
-0.07549682
-0.00351315
-0.04202006
0.06130484
0.06782535
0.04865212
-0.06296832
-0.04818182
-0.07341862
-0.00931597
-0.01069521
0.04929084
-0.02838699
-0.08119838
0.04691754
-0.03125828
-0.03951580
0.01355189
-0.00563582
0.02818103
-0.00464313
0.06700069
0.06517246
0.00307244
-0.06166306
-0.04171801
0.02164760
-0.02118243
-0.02678802
0.02662189
-0.05027379
-0.05377844
-0.06793332
-0.02414642
-0.01664254
-0.03429514
-0.03548717
0.05853793
0.05022697
0.01949944
0.01530624
-0.01786626
-0.03765118
0.02698604
0.08733639
0.03216097
0.03641737
-0.06938861
-0.03373852
-0.03663663
0.02530410
-0.01946024
-0.02616479
-0.05060776
0.00725832
-0.04132784
0.06184373
0.04694219
-0.03116998
-0.06856453
0.00789596
-0.04294232
-0.02303541
0.04432377
0.01966906
0.01263129
-0.08386026
0.04213468
-0.04705079
0.01403608
-0.06716108
0.03695307
0.01645432
0.07997848
-0.04598577
-0.03282912
0.02305759
0.06973325
-0.04919012
0.00861839
-0.03304962
-0.03508596
-0.06965446
-0.01233440
-0.03659133
-0.04176676
0.00651562
-0.04256457
0.03715875
0.03496953
0.00266576
-0.04846422
-0.03987594
0.03821125
-0.06882534
0.00549230
-0.07549444
-0.01513380
0.04821371
-0.00933331
0.02729488
0.02278095
-0.00356312
0.05767441
0.04566351
0.02009063
-0.07906997
0.00897454
-0.05738771
0.02026550
-0.03845144
0.05653776
0.02105781
-0.01455830
-0.01429426
0.06556081
-0.03926881
0.00612191
-0.11486821
-0.03970283
-0.02903893
-0.01459232
0.04494962
0.07569412
-0.03838283
-0.08749558
-0.03786671
0.00240956
0.00149422
-0.04358721
-0.08980822
0.02359028
-0.01786243
-0.00613519
0.01485862
0.02942060
0.02914008
0.00366861
-0.03870008
-0.08586363
-0.11532987
0.01361197
0.02544735
0.00118750
0.02051415
0.03348982
-0.02385319
-0.06181435
-0.01154008
0.02747389
0.00009640
0.09588601
0.04874231
0.03443015
0.03723069
-0.03160270
-0.01041560
0.00948041
-0.04678425
-0.04447592
0.03597714
0.01272155
-0.01190380
0.06964625
-0.02745721
-0.05428603
-0.03628707
-0.10969352
-0.01888170
-0.07266749
0.08056924
-0.00067602
0.06810000
0.02456858
0.04849190
0.07162747
-0.04344867
-0.03309033
-0.00014159
-0.02621663
-0.05380191
-0.09768508
-0.03392623
0.01786209
-0.04630822
0.00438069
-0.01874425
0.02406674
-0.00471481
-0.03031085
-0.08155286
0.04970891
0.01918171
-0.00791270
0.06678709
-0.01352625
0.04904134
-0.00265954
0.02701315
-0.07258689
-0.00433317
-0.00613714
-0.01977148
-0.00593607
0.06639838
0.01094205
-0.02704205
0.01570229
0.06505251
0.00118340
0.00482786
0.01264504
-0.01527661
-0.05772377
0.06869351
-0.07929021
-0.00144668
-0.04398025
0.01301057
-0.02739570
0.01891045
-0.00701452
-0.05679630
-0.09432180
-0.00224317
0.02794741
0.03571641
0.02585937
0.02781194
-0.03772833
-0.02121481
-0.02480141
-0.00367936
-0.05930598
-0.00639361
-0.05747778
0.04581856
0.00941211
-0.01954954
0.02275490
0.04655451
-0.04727307
0.00631600
-0.02361158
-0.02174262
-0.00425910
-0.06020829
0.09452963
0.02655497
0.03278370
-0.05025578
-0.05041068
0.00939922
0.03062124
0.03991416
0.06725257
-0.03575051
0.03634964
-0.02657615
-0.05081230
-0.04669252
0.07076208
-0.03141665
0.05315611
-0.08163660
-0.04001088
-0.01622647
-0.07847137
-0.06540176
0.08876009
-0.04854760
-0.02189033
0.02853107
-0.00474673
0.01931980
-0.05464860
-0.04954113
-0.01524230
0.02183401
0.01090458
-0.01227730
0.05045991
-0.00073952
-0.02726875
0.02544457
-0.03861925
-0.00437779
0.05653356
-0.00539126
0.01175921
0.04329810
0.04500986
