0.05837238
0.04548729
0.04547426
-0.04884107
-0.07774919
-0.01953772
0.02184647
0.03798264
0.03974431
0.00524960
0.06406052
0.10514058
0.06158082
-0.01141964
-0.02763766
-0.07545521
-0.07554922
0.02248874
0.06434713
-0.06070859
-0.01733189
0.02057948
-0.03902994
0.03888549
0.00664350
-0.02887542
0.05131234
0.06321871
-0.07916960
0.02246405
-0.06342840
0.09043194
0.10394324
-0.05311440
0.05487896
0.04966918
0.00521723
-0.03551760
0.05526668
0.04679885
-0.08403491
-0.02511655
0.11089753
-0.10126784
0.09062345
0.12770917
0.05240667
0.07780763
-0.00074419
-0.07502490
-0.04209926
0.09624785
0.06833681
0.06789098
-0.05511732
-0.10503685
-0.01631797
-0.00588279
0.01001673
0.03621755
0.00941962
-0.11366589
-0.07993021
-0.11400935
-0.02698644
-0.00595890
-0.06242225
0.04415540
0.02437893
0.01490583
0.05669811
-0.10954910
0.05817200
-0.02761582
-0.04055714
-0.01097184
-0.01736910
0.07049338
-0.00142910
-0.00385684
-0.09074817
0.08029220
0.09250318
-0.08388320
0.07298798
0.05287142
0.09296929
0.04644394
-0.02716036
0.02500008
0.01153103
-0.00222580
-0.06636528
0.00975472
0.01964989
-0.04901639
0.05611594
-0.08280552
0.05447134
0.03122479
0.09696600
-0.04101005
-0.08557733
-0.07073066
-0.01222808
-0.00914834
-0.03301558
0.06558950
0.08062913
0.04914806
0.05180020
0.01485640
0.00807276
-0.02624369
-0.04447344
0.00597878
0.04311613
-0.05042779
-0.10786159
0.04814270
-0.03921759
0.12458578
0.06181170
-0.05614901
-0.00178546
-0.08158208
0.13366394
-0.03561969
0.04498364
0.03693070
0.02856072
0.10637458
-0.04529131
0.06474239
0.09569228
-0.00959949
-0.02023516
-0.09282636
0.02756452
0.11300619
0.01129959
0.17044088
0.07859195
0.06117475
0.02536183
0.00410190
0.06357749
0.04081088
0.01463854
0.06525116
-0.03407708
0.02332621
-0.00081134
-0.01209874
0.06017873
0.03535945
-0.03356044
0.03260805
-0.08147123
0.12185282
0.05619566
0.04295576
-0.04646949
-0.00166209
0.04626012
-0.02347311
0.05831824
0.11097874
0.06793135
0.05382817
-0.08601362
0.03705349
0.04528530
0.06661695
-0.04299073
-0.06283340
0.06494620
0.11921953
0.10300883
-0.03356108
-0.03647678
0.09289011
0.03281752
0.13213854
0.08448876
-0.06968231
-0.03628582
-0.11580427
-0.02193479
0.03629673
-0.03004157
-0.02554867
-0.04336975
-0.09181364
0.00782790
-0.14493504
0.01886475
0.01849762
0.01929431
-0.04572390
-0.03533503
0.04772789
0.05421305
-0.07644567
0.05178582
0.06804259
0.07477338
-0.09594653
-0.02184092
0.04955937
0.06642666
0.03469316
-0.04365762
0.03018901
-0.08874274
-0.07390294
0.02111808
-0.03193045
0.05851840
0.07673512
0.10091446
-0.12151262
-0.00942942
0.01538482
0.00522829
0.03276289
-0.04021467
0.08105619
-0.00300082
-0.00525818
-0.05151229
0.06425594
0.09267560
-0.02222891
-0.07512762
-0.03528608
-0.00776375
-0.13426456
-0.10531862
-0.11388972
0.03546975
0.05267917
-0.06768108
0.13083655
0.07290135
0.01794695
-0.01357088
0.01436911
-0.08272287
0.04319147
-0.04728555
-0.02931895
0.02257733
-0.00257583
0.00337119
-0.06758704
-0.00343275
-0.02460750
-0.02078575
0.01203379
0.09797139
-0.20876463
0.08879766
0.09407287
-0.03447520
-0.02182555
-0.12324697
0.10691772
0.03529421
-0.03275039
-0.02489599
0.05128802
-0.17366178
-0.02491999
0.15152146
-0.23478183
-0.15577032
-0.02761965
0.04616868
-0.11892644
-0.06108487
-0.09777807
-0.15933092
-0.24661489
-0.02827678
0.00474727
0.09907362
-0.02638772
-0.01898783
-0.02920378
-0.17570005
0.00381807
0.16543084
-0.02568404
-0.09070842
-0.18710651
-0.12371302
0.10415875
-0.12081898
-0.14542578
-0.06859518
0.08605193
0.18149230
-0.25972053
-0.05409564
0.21341860
-0.05890335
0.16927098
-0.00085906
-0.16111675
-0.06818453
-0.19246611
0.09741074
0.05753981
-0.02367168
-0.00158188
0.17117262
0.33957863
0.12818706
-0.18335357
0.04269397
-0.06507482
-0.06041962
0.05694234
-0.00315221
-0.05974479
0.10475044
-0.05338273
-0.00293764
0.12325979
-0.00185233
-0.02792746
-0.00237266
-0.06214050
0.02017583
0.02604008
-0.07055111
-0.00975843
0.04534255
0.00497337
0.02260202
-0.01061706
-0.02272023
0.06868416
0.03795861
-0.03587296
-0.06222524
-0.04357794
-0.08778648
-0.03079697
0.00333079
0.05930063
0.06547426
0.01120858
0.02144528
-0.02724386
-0.02721403
-0.05422787
-0.04402390
-0.02484327
-0.03254349
-0.04567299
0.07223849
0.00675165
-0.03449972
-0.02604515
-0.00516249
0.00894781
-0.00469248
-0.02802858
0.01291801
0.05736705
-0.05529478
0.01527795
0.05163660
0.00374849
-0.01172657
0.02960194
-0.06311989
0.00916656
0.04288207
-0.03186905
-0.03740386
0.06874228
-0.05741244
-0.08752390
0.00758303
-0.00416737
0.05794023
-0.03315710
0.00746355
0.04825168
0.00888745
0.03893710
-0.00500444
0.08822847
-0.03729177
-0.03946400
-0.03984718
-0.00929194
0.03572920
-0.02127203
-0.05084874
0.02187093
-0.04690174
0.01833727
0.03228630
-0.05241235
-0.05415650
0.03604103
0.03179922
0.03548339
-0.00062388
0.00059715
-0.03595262
-0.07440206
-0.03648269
0.05899999
0.01036761
-0.02394450
0.07733452
0.01543421
-0.02259937
-0.07493275
0.02401769
0.05514013
0.04182387
0.02817862
-0.05992374
0.02339552
-0.05894234
-0.09137896
-0.00936062
0.05636392
0.04490583
0.04738595
-0.01882448
-0.03296670
0.03976338
0.06114698
0.00370344
0.02204405
0.07613098
0.01911464
0.08220275
-0.08421724
-0.02966660
-0.00655659
0.08326530
0.04337825
0.01255731
-0.04249644
-0.06026135
0.06873448
-0.02134546
-0.03782909
-0.06786486
-0.02783075
0.01788058
0.05051375
0.03636441
0.04749437
0.00849666
0.04501439
-0.04915787
0.03018457
0.00704795
-0.00750493
0.06824820
-0.05988252
0.06398253
-0.10486165
-0.02794778
-0.06160342
0.08257674
-0.02819531
0.03307172
-0.00173807
-0.02062474
-0.05010511
0.01805706
-0.01801153
0.02660250
0.02670074
-0.03374029
-0.03436003
0.02779305
0.05201588
-0.08168798
0.01886631
-0.00537941
0.06302336
-0.03803195
-0.07850799
0.00737217
0.01845399
-0.03180581
-0.02751578
0.04468225
0.05001278
-0.01811029
-0.04086893
0.02876305
-0.03653245
0.00589992
0.01325087
-0.03159510
0.06581124
-0.03515099
-0.04641653
-0.01592501
-0.00753875
0.03750107
0.05136662
-0.03463655
0.02168356
0.03366792
0.00441470
-0.05254646
0.03487916
-0.00237052
0.00043716
-0.04191940
0.00412041
0.08687679
-0.08551193
0.00673198
-0.04411800
-0.01172545
-0.04667548
0.03280260
-0.06910875
0.06457451
-0.05436566
-0.01130305
-0.03078947
-0.05298433
-0.02243716
-0.00120899
-0.03155383
-0.03713579
-0.02502451
-0.02405205
0.03924052
0.09291726
0.04611988
-0.08042338
-0.07842078
-0.07982146
-0.01005756
-0.02837074
0.05349907
0.00405075
-0.06239654
0.02267525
0.01410143
-0.01763111
0.02987731
-0.01598496
0.00311492
0.03524128
0.08270299
0.04023241
-0.03604348
-0.03566357
-0.08563680
0.04162081
-0.01662907
-0.04681907
0.00570159
-0.04069588
-0.04948404
-0.04971225
-0.02197590
0.00545085
-0.01205981
-0.06139310
0.08654221
0.01302100
0.03820966
0.02306181
-0.03431093
-0.02844405
0.03664592
0.07776611
-0.00045362
0.02264217
-0.07416918
-0.03094700
-0.06514753
0.00651700
-0.03305747
0.00204856
-0.06770910
0.06237258
-0.02680770
0.02482172
0.06479769
-0.00193876
-0.03071488
0.03786673
-0.03891040
0.00204744
0.04803909
-0.03495904
-0.00788198
-0.01342099
0.05619391
-0.03528563
0.01923165
0.00101724
0.01812492
0.03580546
0.07272024
-0.05524402
-0.03403570
0.02410120
0.01906910
-0.05463976
0.01683338
-0.06425948
0.00304670
-0.06168040
0.00193260
-0.05039809
-0.03386135
-0.02985571
-0.05388149
-0.00731282
-0.01070726
-0.02030547
-0.01524748
-0.06648853
0.07201823
-0.06953481
-0.00830449
-0.08816303
-0.02042821
0.07160871
-0.00331425
0.07105812
-0.02144430
0.02115310
0.04874424
0.05310821
-0.02760633
-0.05436503
-0.04331413
-0.00696280
0.03367282
-0.01949131
0.04935018
0.01768114
-0.02020381
-0.00385455
0.02082465
-0.02483596
-0.04316461
-0.11283085
-0.04120226
-0.01341929
0.00858070
0.06300934
0.04541711
-0.01155158
-0.06118932
-0.02771875
0.00544898
-0.00106606
-0.00096978
-0.08405574
0.05223663
-0.00482641
0.02606786
-0.02524023
0.02291350
-0.00972366
0.03554665
-0.02315278
-0.03734299
-0.10326909
0.06873532
0.01900131
0.03468558
0.02638630
0.04562379
0.00276531
-0.06133844
-0.04986638
0.03365911
0.02351986
0.10115258
0.01176415
0.04132180
0.03670181
0.00814370
0.00578384
0.07139803
-0.02993890
-0.06786652
0.04315988
0.00374398
0.01776121
0.06414235
-0.04014608
-0.02560072
-0.01281091
-0.09729053
0.00121059
-0.09730601
0.06466553
-0.01372824
0.04270740
-0.00043055
0.06694802
0.04120217
-0.04746326
0.01887614
-0.02210900
-0.01767106
-0.06358631
-0.09567224
0.00631830
0.03844343
-0.07014442
-0.00721391
-0.02700489
0.04904941
0.03229120
-0.02483686
-0.07129638
0.05595738
-0.01046986
0.00873284
0.03037855
-0.01309064
0.03682438
0.00740782
0.01932727
-0.10191285
0.00050424
-0.01524110
-0.01153504
-0.02077061
0.05886068
-0.00478386
-0.00592930
0.00229553
0.03732886
-0.01113097
-0.02285674
-0.00869216
0.03728450
-0.01109431
0.06743199
-0.02650580
0.02480755
-0.06381840
-0.00759508
0.01540792
0.02408168
-0.04553283
-0.09352824
-0.10628431
-0.04023626
0.04117130
0.02893145
-0.03275152
0.05408373
0.00190269
0.01479952
-0.02557947
0.02423072
-0.04112841
-0.01650056
-0.04623343
0.02235211
0.00370511
-0.01124233
0.05265671
0.00386444
-0.05734957
0.04706348
0.00829421
-0.03702306
-0.07055043
-0.04498946
0.05832608
0.04991222
-0.01736893
-0.05193518
-0.07593651
-0.00879967
-0.00018157
0.04023765
0.04078212
-0.02070428
0.05426054
-0.02158308
-0.09608381
-0.02733031
0.06545476
-0.00242970
0.05150731
-0.06507000
-0.00901837
-0.01585074
-0.05601231
-0.03938797
0.10817656
-0.03132639
-0.07212730
0.04369917
-0.04121725
0.05527544
-0.03090322
-0.04316389
-0.03059132
0.00580755
-0.00202896
0.03913914
0.02679402
0.00533487
-0.00615172
0.02032096
-0.03578340
0.00358781
0.05345256
-0.05561533
0.03080579
-0.01900709
0.01458449
