0.00009889
-0.00783456
0.00278583
0.02314558
-0.08628827
-0.06271165
0.01588881
0.06753814
0.10093164
0.03529463
-0.08437626
0.08008919
0.02344896
-0.00392476
-0.11220607
-0.00622737
0.00877962
-0.01604534
0.08168091
-0.07519757
0.08032427
0.05055904
0.11707811
0.11073535
-0.06992149
-0.05263617
0.06917208
0.01893654
-0.03967056
0.08243656
-0.02531819
0.04164657
0.07802425
0.02118974
0.02512426
0.03370295
0.09752519
-0.11650956
0.04483810
0.04344519
-0.08604989
-0.00298899
0.11185752
-0.06818391
0.11394231
0.05658818
-0.04097251
0.03157254
-0.00137805
0.05708684
-0.05666432
0.05279542
0.05085552
-0.10024467
0.05729637
-0.08273908
-0.08832718
0.00602111
0.09276129
-0.00121819
0.07233391
-0.07421032
-0.04767507
-0.07161998
0.07801484
-0.09205344
-0.05334847
0.01362215
0.09470759
-0.03963260
0.08272710
-0.05737431
0.00189994
0.00374319
-0.04612490
0.01514713
-0.04649102
0.03593469
0.04228257
-0.07732700
-0.07567743
-0.01551277
0.05135687
0.01499510
0.06332906
-0.00491398
0.11675359
0.00778741
-0.01843212
-0.05396947
0.06511328
-0.00132271
-0.03325352
-0.08510090
0.04789199
-0.08440137
0.08458778
0.02112490
-0.06186526
0.05509792
-0.00304557
-0.04105236
-0.03690971
-0.01769364
-0.09059197
-0.04187657
-0.06461065
-0.06180025
0.08960168
0.09987328
-0.00032126
0.01412207
0.00516385
0.07002994
-0.04526071
0.06967486
0.01475228
-0.09462378
-0.06143735
0.02294231
0.02464712
0.06124521
0.06048571
-0.00138291
-0.08340834
-0.04379752
0.09797680
-0.03419500
-0.07030389
0.08583480
0.11420820
0.05429147
0.05396015
-0.02141315
0.06551456
-0.02041179
-0.00928189
-0.02368056
-0.06906815
0.06302998
-0.01115295
0.10545427
-0.06752601
0.05457246
-0.00845005
-0.07140476
-0.01031967
0.07033394
-0.00344147
-0.00778261
0.10120486
-0.06213419
-0.04749369
-0.04750063
0.04497841
0.08913781
-0.01149521
0.08382016
-0.05906534
0.07081207
0.07148767
0.03975663
0.08724140
-0.09832958
0.06296854
-0.05474202
0.08768632
0.07506699
-0.02427476
0.08361068
-0.08831524
-0.02108139
0.01484393
0.01428143
-0.03184992
-0.03129715
-0.00917787
0.05402788
0.07020979
-0.08448763
-0.09927548
0.08197573
-0.00488655
0.04888770
0.02482691
0.06492401
-0.10026384
-0.05651552
0.07383276
0.02270361
0.09434585
-0.04030272
0.07278448
-0.12393276
-0.04216281
-0.04578879
0.09403022
0.03652111
-0.08068750
-0.04838612
0.03610605
-0.00032699
0.05347196
-0.08588529
0.05398067
-0.02206447
0.07346050
-0.04973079
-0.01931632
0.11979634
0.04624350
0.08626975
-0.01967719
0.09893436
-0.11421482
-0.02331299
0.04606384
0.01454801
0.06027946
0.11483672
-0.02078949
-0.03745637
-0.02653332
0.08838941
0.11363304
0.07496178
0.04914758
0.01603764
-0.00545814
0.04182329
0.01552130
0.06918758
0.03173460
-0.02997063
-0.12510037
0.02044358
0.03734077
-0.09128065
-0.03396539
-0.10984836
-0.00942724
0.01736273
0.06092390
0.09021930
-0.00299787
0.06852433
-0.06210331
-0.00229631
-0.05720795
0.03096712
-0.06648000
0.05711392
-0.03627890
-0.10314718
0.01028266
-0.10002065
-0.05949554
-0.04026776
-0.04170751
0.00504987
0.04265020
-0.18495108
0.09579371
0.06856038
-0.03576088
0.02162689
-0.09310012
0.11262242
-0.00721774
0.03166662
0.01397792
0.06869894
-0.23344959
-0.04063603
0.10997934
-0.25245780
-0.15004699
-0.01587545
0.05988387
-0.10508730
-0.07358585
-0.12427563
-0.19273250
-0.25293168
0.02270683
-0.05143366
0.03515190
-0.05393713
0.02948043
-0.02530008
-0.16466108
-0.01799738
0.15379483
-0.02247868
-0.11031777
-0.20750806
-0.13227782
0.04110505
-0.06027294
-0.13876955
-0.09128911
0.09966164
0.20645529
-0.24438605
-0.02303085
0.18096080
-0.07941221
0.13696139
0.01585750
-0.19070679
-0.02844266
-0.22344618
0.08677356
0.05562060
-0.08184064
0.05426406
0.13754183
0.32810411
0.08821487
-0.20999700
-0.00176797
-0.06157697
-0.06297481
0.07429782
-0.00963775
-0.01691960
0.07899390
-0.04427061
-0.01350908
0.12153539
0.01163511
0.00557845
-0.02318906
-0.05392552
-0.01460708
0.05630463
-0.04630178
0.06521615
0.02562033
-0.04842650
0.06282727
0.00033734
0.03225324
-0.00417678
0.07275836
-0.05486782
-0.04592416
-0.00085375
-0.07984126
0.02201702
-0.05941186
0.04722900
0.03522393
0.04246287
0.05572065
-0.03198679
-0.00487508
-0.02920596
-0.02443195
-0.04167811
-0.06100534
-0.01796015
0.04131931
-0.01238483
0.01788976
-0.02897908
-0.07009675
0.02935318
-0.02046316
-0.02806030
0.02701943
0.02778097
-0.02404669
-0.01518409
0.00774779
-0.01216617
-0.03619553
0.01822123
-0.07136433
-0.00325913
0.04069451
-0.01015843
0.01886995
0.04718114
-0.05463084
-0.06517342
-0.03593318
-0.02112263
0.06620476
0.00903446
0.05293938
0.07092003
-0.01169563
0.04651471
-0.00841537
0.07520025
-0.01973482
-0.02762022
-0.04879687
0.03014581
0.00310910
0.00312420
0.00553058
-0.00399184
-0.00186136
0.04402011
0.00451691
-0.05933657
-0.04677226
0.03441619
0.00286758
0.06126520
0.02281296
-0.02233563
-0.00860680
-0.07659846
-0.06243379
0.02478311
0.06096495
-0.04895720
0.02490067
-0.03088229
-0.00724558
-0.10178322
0.02663091
0.05936916
0.03905388
0.06216963
-0.06811778
0.01525699
-0.09539459
-0.09451397
0.00627508
0.00881022
0.06505249
0.03882810
0.04342876
-0.02511499
0.01753241
0.03395312
0.00317259
0.07564365
0.07918731
0.05260818
0.02079580
-0.04303613
-0.00908930
-0.00306143
0.03428264
0.02039484
-0.00732695
0.00586070
-0.01923082
0.05118274
-0.00861426
-0.03677751
0.00392491
-0.03203272
-0.00372148
0.00892377
0.01006143
0.01219544
0.02225969
0.01680731
-0.05643719
0.06661285
-0.03524251
-0.05837385
0.09650354
-0.03038765
0.02797326
-0.13984732
-0.01443579
0.02428353
0.05670219
-0.06109774
0.03646756
0.01348251
0.03454280
-0.01588212
0.03919134
-0.00082219
0.02500172
-0.02332292
-0.02553363
-0.07264091
0.01601415
0.03138097
-0.09225025
0.02315833
0.00291453
0.06927679
-0.00578317
-0.03214794
0.02063709
0.06197695
-0.03982740
-0.01599423
-0.01802725
0.06104206
-0.01733061
-0.04635910
-0.00412300
-0.01748881
-0.01962857
-0.01468842
-0.00258503
0.04209618
-0.01043292
-0.02762863
0.00383112
-0.05792965
0.04471502
0.00919560
-0.00087410
0.00225581
0.03944322
-0.02239609
-0.03072702
-0.03345132
0.00779238
-0.04412153
-0.05028241
-0.04172807
0.09978688
-0.05169573
-0.06329522
-0.08351881
0.02300323
0.00852294
0.05626236
-0.04687610
0.07328319
-0.03221850
-0.00059204
-0.05730946
-0.01340520
-0.04800736
-0.00639772
-0.02853102
-0.04846832
-0.05283135
-0.00699440
0.06531836
0.06016891
0.05760087
-0.03271692
-0.09377642
-0.06419381
0.05097419
-0.01480899
0.04248950
-0.04677987
-0.11925553
0.08037506
-0.03095463
-0.02307850
-0.01160304
0.02345835
-0.02319259
-0.02863511
0.08152755
0.00533387
0.01254024
-0.05508988
-0.04598717
0.03260038
0.00233143
-0.01470759
0.04274195
-0.05960012
-0.04617373
-0.02717972
-0.03117594
-0.03812826
-0.01282228
-0.07803262
0.07996920
0.05771618
0.01461368
0.00634380
0.00467648
0.00155681
0.00380025
0.08870963
0.06139489
0.05302502
-0.10388632
-0.05808374
-0.02354619
0.04473473
0.00597774
0.03957545
-0.05467239
0.04764276
-0.01198046
0.07022453
0.02703787
-0.01048343
-0.02928312
0.02280516
-0.06634687
-0.04741323
0.05222442
-0.01249366
-0.00572608
-0.01122696
0.08792394
-0.09280248
0.05331377
-0.02814380
0.02453620
0.01902458
0.04620424
-0.03408456
-0.05229691
0.04398473
0.05527745
-0.02673924
0.00134203
-0.05086547
-0.03978501
-0.05624107
-0.04860308
0.00695719
-0.03248929
-0.00107655
-0.00630864
0.01356887
0.03811652
0.00554445
-0.03851379
-0.01222883
0.06462628
-0.02315272
-0.01929031
-0.09157167
-0.01155719
0.04986247
-0.02360456
0.00949716
0.04382648
0.01342065
0.05086133
0.00334515
-0.03367057
-0.10042435
0.03697873
-0.02153038
-0.00209521
-0.04664772
0.03534022
-0.00479437
-0.00838408
-0.03376049
0.07196405
-0.03460051
0.00020075
-0.12807538
-0.02400281
0.01263400
0.00538535
0.06212101
0.07305038
0.02545787
-0.05966608
-0.01713345
0.04638341
-0.03034920
-0.03309561
-0.05884944
0.01667449
-0.04154073
-0.00080025
0.01849306
0.07151453
0.01761272
-0.03361506
0.00609151
-0.06442707
-0.05403924
0.01989420
0.00487445
0.03353515
-0.01015232
0.00626092
-0.02426210
-0.06391542
-0.04285938
0.03254294
0.04851394
0.10761572
-0.02161197
0.02396288
0.03260324
0.01581721
-0.02073463
-0.03400830
-0.07751624
-0.03076908
0.02434576
-0.02280128
-0.01313555
0.05526077
-0.03474557
-0.04607394
-0.01138695
-0.10042960
0.01942439
-0.07921746
0.04418689
0.00426381
0.03556485
0.03197530
0.05782987
0.10091010
-0.02501420
-0.02006826
0.02152813
-0.04333759
-0.02874292
-0.05643276
-0.01004251
-0.00480874
-0.04645181
0.03668509
0.02023292
-0.00295146
0.03250775
-0.07963926
-0.05238266
0.03799262
-0.00114789
0.00608851
0.02487280
-0.00418001
0.06038403
0.03731593
0.04964704
-0.09003344
0.01852708
-0.00213670
0.03114819
-0.02504936
0.04566690
0.04010097
-0.04243447
0.04703873
0.07521127
0.02935155
-0.04034837
-0.04129263
0.00145439
-0.04505742
0.12905088
-0.06937828
0.00136731
-0.11911100
-0.01813390
0.02356127
0.03522923
0.00572574
-0.02501648
-0.08956993
-0.03513174
0.05154656
0.04500987
0.01982848
0.04053397
-0.01823876
-0.02289077
-0.01882106
0.02169249
-0.06260554
0.06338533
-0.00469645
0.04167715
-0.01767681
0.02382551
-0.01483194
0.02735856
0.00777773
0.01435480
-0.04262174
0.01829981
-0.06488042
-0.03916619
0.05113815
0.04777848
0.04767559
-0.01036237
-0.02232158
-0.00686221
0.06412095
0.02316059
0.04767825
-0.04733451
0.02724613
-0.00985183
-0.07750919
-0.03897595
0.08837597
-0.04007912
0.05884682
-0.03753966
-0.04270397
-0.03946700
-0.04304608
0.00338383
0.07013803
-0.04510364
-0.06014671
0.02078576
-0.01488448
0.00057711
0.00797541
0.01342366
0.01262756
-0.01062211
0.01135354
-0.04069808
0.04243992
-0.00623775
-0.06290045
0.02530608
-0.02103998
-0.00082108
0.03743814
-0.00027134
0.00123057
0.02693833
-0.00169737
