0.02770251
0.01792520
0.07803972
0.09500957
0.04682267
0.02273279
0.04170824
-0.06462670
0.00087122
-0.10118217
0.01121757
-0.05533779
0.16569716
0.06961609
0.02635461
0.06457872
0.06235688
0.05801624
-0.01571540
0.08172919
0.00810322
-0.10373227
0.01383426
-0.00967919
-0.05761804
0.04006565
-0.03457786
0.02348021
0.04031121
-0.04479400
0.03572027
-0.02718447
-0.02530424
0.03832471
0.07751396
0.02940340
0.06628967
-0.01453515
0.00905555
0.00311963
-0.02176222
-0.06970650
-0.06307159
-0.05319243
-0.06301790
-0.04867813
0.06775108
-0.04631361
-0.05950605
0.06419223
0.08502228
-0.05822502
-0.04943642
0.11323190
-0.06468757
0.01501871
0.00369110
-0.03086368
-0.06193309
-0.01593362
-0.10525995
-0.06170667
-0.02203604
0.01569223
0.03251387
0.02218232
0.13604201
-0.13801277
0.00587387
-0.02279434
-0.12115922
0.06684158
0.04287027
0.03316483
-0.05729288
0.02754097
-0.03803620
-0.01135719
0.03176207
0.08281977
0.02745611
0.00227520
0.03819397
-0.04169871
0.00583121
0.03395860
0.01320620
0.05679904
0.06663384
-0.05953278
-0.02155836
-0.00195685
-0.02074896
0.08572014
-0.03416834
-0.02960138
0.03938768
0.05549969
0.09908799
-0.09731925
-0.01037210
0.18082672
0.01317942
-0.11317125
0.03126142
-0.09570868
0.03934069
0.00950796
-0.11887715
-0.04655651
0.09808403
0.03683006
-0.08311683
0.04871066
0.10294252
0.01239142
-0.01769853
-0.04652845
0.10736015
-0.06008182
-0.00529869
0.04464402
0.05822276
0.03382513
0.01218884
0.05731678
-0.00538035
-0.01567950
-0.06094047
-0.05247558
0.05238916
0.05015798
-0.12110574
0.04870750
0.05935500
0.03074840
-0.11544034
0.04407778
-0.02850975
0.00848344
0.04330998
0.02718539
-0.08358761
-0.09509701
-0.04110473
-0.10771450
-0.07178827
0.04882254
0.10202943
-0.03521992
-0.13423765
0.05272737
-0.08255580
-0.05938090
-0.04526753
-0.03876685
0.08526814
-0.00884290
-0.00357004
-0.13294642
-0.03666226
-0.09101751
-0.07126661
-0.04196170
-0.00747062
0.01006714
-0.03881460
0.10615147
-0.09926290
0.01590542
0.05592881
0.03991804
-0.04359177
-0.11999279
0.02431468
0.08603302
0.04082122
-0.03770332
-0.00322393
0.02278046
0.01668062
0.00811329
0.00963759
-0.01614443
0.02668302
0.04662311
-0.07885791
0.08060404
-0.04460455
0.09237271
-0.04336813
-0.03854825
-0.06336024
0.09360932
0.01162795
0.04382194
0.10801338
0.09142905
0.02060551
-0.02984513
0.01465344
0.10485552
0.01460799
0.10906947
-0.01940714
0.09297615
-0.00322812
-0.02503839
0.06604442
-0.01520999
0.01524355
0.00339205
-0.01520727
-0.15381616
0.05278817
-0.00279241
-0.08016805
0.00837822
0.04601538
-0.12552397
-0.05900379
-0.01813252
-0.02726268
-0.06061924
-0.04036123
0.04544649
-0.07240248
0.06373675
-0.02159243
-0.06993739
0.00855696
-0.02684811
0.06979542
-0.01103012
0.10423241
0.00836272
-0.00677074
-0.01211060
0.03242854
-0.02526379
-0.07424324
-0.11343520
0.08923899
-0.02242278
0.03478358
-0.05557651
0.11278211
0.12223323
-0.07631824
-0.09780229
0.00521744
-0.03961955
0.04819598
0.11274496
0.05168165
0.06650282
0.00784992
-0.04736483
-0.04537197
0.01174919
0.10393988
-0.17434204
0.05906059
0.10077859
-0.02945298
0.02095448
-0.10961410
0.09414712
0.05321672
-0.00720525
-0.01167407
0.01904811
-0.20355216
-0.02865568
0.11851192
-0.25899145
-0.14424716
-0.05861894
0.06906184
-0.08719707
-0.04729597
-0.11178249
-0.17993964
-0.24302143
-0.02451612
0.01642555
0.05580203
-0.01917830
-0.00803365
-0.04007164
-0.18860942
-0.03820940
0.15241335
0.01038940
-0.04916927
-0.20165613
-0.12743573
0.06451108
-0.07462320
-0.17025569
-0.07454708
0.09266356
0.19213916
-0.27896526
-0.06767177
0.19627871
-0.04142018
0.15767281
0.00418594
-0.16017106
-0.05838798
-0.17333558
0.10672111
0.09035893
-0.04949746
0.05522067
0.14706017
0.34891215
0.11188149
-0.21415460
-0.00799502
-0.07219833
-0.01166912
0.06169637
0.05854717
-0.07610237
-0.06960361
0.01872204
-0.08019141
-0.06919342
0.05145163
0.02547909
0.00304183
0.08595046
0.08539828
-0.03357738
-0.05346663
-0.02843540
-0.03094278
-0.01710828
0.00686519
-0.00353218
-0.01115147
0.01291510
-0.05810855
0.05776245
0.02312631
-0.07102905
0.04784083
0.10798761
-0.00692458
0.02278689
-0.11961008
0.00586945
0.01036428
0.02958841
0.00648598
-0.02733496
0.05788817
-0.01883465
-0.01438081
0.01137212
-0.05783276
-0.04350951
0.08897304
0.04641283
-0.01773399
0.05848056
-0.06436969
0.02142835
0.05210702
-0.03783267
0.04370076
0.04296271
-0.08459120
0.07268016
0.00230659
0.04208424
-0.07264257
0.03030200
-0.09149514
0.00840234
-0.04635290
-0.09073095
0.00827351
-0.00619717
-0.01577303
-0.02153654
-0.03563181
0.00942496
0.02903464
0.03615731
-0.00767098
-0.02025938
0.00753041
-0.01563294
-0.00387048
0.01803403
0.04143275
-0.01413071
-0.05510882
-0.04149865
0.03366806
-0.05402847
0.06304324
0.03041692
0.01996686
-0.07594674
0.04501817
0.03482971
0.04343223
-0.01639039
0.00449628
0.09488306
-0.05309998
0.00326438
0.01502329
-0.02571702
0.03507568
-0.03949549
0.05242420
0.01931302
-0.04123900
-0.02811462
0.02973524
-0.05446913
0.02602123
-0.00029713
0.04765162
0.04853241
0.04511845
0.03140293
0.04427173
-0.04328652
-0.01986910
-0.05311213
0.01029926
-0.02795163
0.04316380
0.01991228
-0.05138753
0.01206606
-0.08576649
0.01090264
0.05184193
0.04656471
0.03745955
0.05749798
-0.04162689
0.01864851
-0.03566715
-0.03680827
0.02886375
0.00182773
-0.03580259
-0.01936940
0.00849141
-0.03682824
-0.03272796
-0.02736361
-0.02121557
-0.01815720
-0.02942553
0.06599999
0.02132116
0.02905941
-0.03042188
-0.03928612
0.02490518
0.08441885
-0.01549684
-0.00754064
0.12174040
0.00924253
-0.01803443
0.01566503
-0.02316339
-0.02155784
0.01225731
-0.02034824
-0.06301150
0.00876746
-0.05685010
-0.04745330
0.03964663
-0.04968478
0.00490910
0.03291353
0.03597508
0.06526176
0.05375217
0.02571340
-0.01251336
0.06326234
-0.00519583
-0.00333794
0.01039544
0.01503409
0.00555650
-0.01577003
0.00690783
0.00166028
0.04945915
0.03357388
0.02016594
-0.01431153
-0.00736510
0.02359875
-0.01183376
0.01835737
0.07989867
-0.03428140
0.10526589
0.01968618
0.04831539
0.00676252
0.02397898
-0.01850519
0.01505919
-0.03817888
0.00893981
-0.03068655
-0.06518108
-0.02940107
-0.05798132
0.05297258
0.02167644
-0.03492155
-0.01177156
-0.02577182
-0.06104512
-0.04187077
0.01548483
-0.03060218
0.05400154
-0.02714016
0.01168762
0.03695035
0.02806993
-0.02020299
-0.05605797
0.01164779
-0.05201791
-0.03412644
-0.03928862
0.03645643
0.05453958
-0.03746537
0.05055758
0.11885070
0.05287822
0.09364380
-0.01024015
-0.04643461
0.07143410
-0.04549002
-0.06743633
-0.07659257
0.01802146
-0.06064167
0.03547824
0.01535626
0.00029997
0.05219900
0.04286870
-0.01180144
0.07076130
-0.08500756
-0.01555331
-0.06906932
0.05201018
-0.00159246
0.01539835
0.09683727
0.10465191
0.00135293
0.05022803
0.04992989
0.00123078
-0.00408604
0.06221056
-0.03527495
-0.08356206
-0.02257018
-0.00996901
-0.03966425
-0.02463398
0.00664730
0.00319034
-0.02622947
0.00171807
0.00915168
-0.01352506
0.01488534
-0.01111571
-0.07992207
0.00687066
-0.03169259
0.05071305
0.04480143
0.04771779
0.06284239
-0.07742232
-0.01747277
0.03187443
-0.01749342
-0.03841037
0.02120882
-0.00455508
-0.03417756
0.04236053
-0.03459157
0.08109283
0.01157272
0.05831663
0.02181848
0.03072306
0.03296798
0.02880910
-0.00704289
0.01311461
0.01027502
0.00850281
-0.00614431
0.06139607
-0.11193677
0.04424228
-0.00000798
0.03970288
-0.04757900
0.08100425
-0.00262879
0.00323156
0.01969861
-0.04036763
0.05583094
-0.03094396
-0.00840830
-0.05203019
0.11453030
-0.08197028
-0.02061343
0.09962502
0.02770521
-0.00514858
-0.01234156
-0.01515662
0.03758446
0.00796575
-0.02191917
-0.02158098
0.04533370
-0.08813822
-0.08259831
-0.00495140
-0.01852720
0.00541482
-0.00897053
0.04361275
0.03902090
-0.02064687
0.06005547
0.01596062
-0.03662984
-0.02854676
-0.03827549
-0.00806627
-0.07204476
-0.06613508
-0.03700199
0.03230812
-0.04175558
0.04156213
0.11191793
-0.02729055
0.05286571
-0.02919587
-0.05590631
-0.03729290
0.00438873
0.05422401
-0.01733397
0.00372100
0.00914273
0.00298881
0.05960524
0.08598340
0.02168725
0.04269198
0.08989873
-0.05177839
0.00416552
-0.02524916
-0.01353101
-0.00823297
-0.02201384
0.04802584
0.00628775
-0.07690910
-0.04190607
-0.07978465
-0.06935682
0.00509996
-0.04979354
-0.00381421
0.00454006
-0.05332404
0.07511734
-0.02025864
0.00990342
-0.02430535
-0.04925542
-0.07442789
0.01412721
-0.04828475
-0.04038874
0.07333644
0.06137273
-0.10713976
-0.00185017
0.01737478
0.01798692
0.00168931
-0.02391453
0.07105670
0.02864213
-0.02508062
0.01360765
0.06630161
-0.02543060
0.09187482
-0.05748104
-0.04284992
0.02135812
-0.09324180
0.02364041
-0.03308932
0.06064316
0.02237233
-0.01950962
0.03929478
0.00857351
-0.01673814
0.07490138
0.05293991
0.02945793
0.00743851
0.04735442
0.00099786
0.05091877
-0.05413271
0.04686641
-0.07373043
-0.05657060
-0.05459811
0.01294768
0.00588346
0.01973882
-0.01933337
-0.04519787
-0.02681420
-0.00926913
0.04350027
-0.05975562
0.01101934
-0.04072439
0.08978647
0.01718425
0.00413015
-0.08149051
-0.02118247
0.00746867
-0.00038512
0.01230800
0.02353978
-0.00854779
-0.04314467
-0.01780270
0.00735687
0.05498209
0.02824199
0.03610953
0.03677172
-0.00799232
0.07471294
0.01365556
0.00149356
0.07396024
0.04292614
0.02738336
0.04296637
-0.00209938
0.06715432
0.01468521
-0.00437297
0.02849682
0.08712196
0.01007023
0.01753157
-0.00625491
0.04648485
-0.04691770
-0.01531061
0.02980601
0.03810414
0.01960211
-0.05479153
0.03006665
-0.06203201
-0.00780154
-0.04273808
-0.05588219
0.03248312
-0.08795649
-0.00716457
-0.03955775
0.03057350
-0.00211135
0.04253086
-0.00806491
0.00294904
0.02642668
-0.04700619
-0.03165355
-0.02645270
-0.02241371
0.02257798
-0.00038436
-0.02495113
-0.01406143
0.02747824
-0.05918121
