-0.03434449
-0.01360324
0.12075245
-0.05063752
-0.04582225
0.01133608
0.06339484
0.04757316
0.04475500
-0.04630713
-0.00568964
0.03660696
-0.02820474
-0.04525112
0.01388318
0.01700072
-0.00558042
-0.04134960
-0.04731357
-0.05756228
0.01020208
-0.01411299
0.01235458
0.15758456
-0.02446370
0.07093627
0.03552504
0.02568509
0.01215766
0.00069543
-0.01143466
0.08158589
0.10734425
-0.03578593
-0.03761164
0.10653750
0.03618576
-0.16457987
0.03867072
0.11264427
-0.08443201
-0.07041024
0.07828534
-0.12517571
0.02822629
0.05425861
0.13994014
0.09271973
-0.10348558
0.01425468
0.02581078
0.04295705
0.00588827
0.06909125
-0.10140370
-0.07251616
0.03160696
-0.00107466
0.01757324
0.09738332
-0.03443002
-0.11880077
-0.04766067
-0.05879432
-0.02118553
0.06745126
0.01870962
-0.04816703
0.02882253
0.01334886
0.06878572
-0.04268410
0.10628653
-0.03375170
-0.04462842
0.05832488
-0.05582094
0.08447530
0.02612318
0.02119775
-0.08047249
-0.00953725
0.05590753
-0.02037471
0.08607846
0.00390670
0.15242958
0.09400105
-0.05323000
0.08859693
0.01497296
0.06335279
-0.05152924
0.04760394
-0.06706009
-0.01074059
0.08933667
0.01601217
0.10348164
-0.02454882
0.02958127
0.02510177
-0.08734772
-0.05610735
-0.01724089
-0.09201929
-0.03216897
0.06994936
0.03127512
0.03262565
0.01353268
-0.09632178
-0.07473942
-0.12151825
0.01586084
-0.00702799
0.02489303
-0.04907505
-0.07179517
0.06432457
-0.11072052
0.14366293
0.06824029
0.06565906
0.04607037
-0.05696483
0.02606228
0.00248064
0.05472004
0.02638330
0.07817771
0.04639609
-0.00324268
0.00461418
0.00746477
0.00818385
-0.05865706
-0.00660895
-0.03856350
0.04666395
-0.02422486
0.13534936
0.08299351
0.00524771
0.04800683
-0.02894603
-0.01715244
-0.05304839
0.01044261
-0.05600825
-0.09109214
0.05678838
-0.10825510
-0.02616371
0.02255631
-0.00047222
0.09737472
0.04742473
-0.04889298
0.10911424
0.05511633
0.01795018
-0.09629634
0.00129452
0.02816023
-0.04458486
-0.00563807
0.11386300
-0.06397007
0.01326567
-0.05283147
0.05499237
0.00991193
0.03090189
-0.03689499
-0.02298037
0.14970990
0.03260743
0.04112688
-0.04855068
0.03105572
-0.01870061
0.03568400
0.14903603
0.07239813
-0.00369929
0.02918570
-0.01475364
0.02893064
0.07953719
-0.01763522
-0.09340892
-0.01967468
-0.04377339
0.07325510
-0.09519007
-0.01338136
0.05463305
-0.00725153
-0.00541110
0.00774823
0.00147947
-0.02551992
0.00780133
0.00977481
0.10531914
0.09339844
-0.02964111
0.05328429
0.02764713
-0.05117920
-0.06086398
0.06584314
0.05677777
-0.01284636
-0.08454616
0.00436468
0.03207296
0.02384964
0.04055612
0.04585477
-0.13975029
-0.03543703
0.07563113
-0.01582607
0.08281715
-0.05962829
0.11871760
0.06354324
0.04508249
-0.08004040
-0.01519414
0.04691590
-0.12358443
0.01221268
0.04414698
-0.11704846
-0.03785418
-0.11666542
-0.00550750
0.01168656
-0.00984201
-0.02242314
0.16371933
0.01892435
-0.06826448
-0.01602338
0.02088097
-0.09932062
-0.01713423
-0.03995116
-0.05302987
0.05817327
0.04550266
0.00363308
-0.03825726
0.12724401
-0.02019235
-0.07607836
-0.07414471
0.12603040
-0.14901693
-0.01793094
0.15848507
-0.01234025
0.11102208
-0.11379626
0.07164368
0.16890839
0.02290598
-0.09054740
-0.18322651
-0.25847590
-0.01369455
0.13583477
-0.23022752
-0.14830236
-0.10161255
0.02641527
0.04822042
0.03117500
-0.10882539
-0.14431469
-0.11663860
-0.12163584
0.08977683
-0.01720282
-0.02077235
-0.14717321
-0.16864827
-0.26759142
-0.05398190
0.09768770
0.12069828
0.03013549
-0.06611432
0.01036560
0.02983646
-0.02076561
-0.14608644
-0.08944351
0.02071615
0.11081739
-0.28576261
-0.15045281
0.10593269
0.08456268
0.08695215
-0.06165192
-0.04208158
-0.06443152
-0.07641257
0.19934838
0.13838902
-0.02215913
0.09142666
0.00708472
0.36678940
0.02802078
-0.12721400
-0.07903303
-0.03032655
-0.02231676
0.04181430
0.07380524
-0.00793507
-0.00800944
0.04789266
-0.05162333
-0.00273458
-0.00548037
-0.02007860
0.01456881
0.05971726
0.01528064
-0.00832130
-0.00243560
0.02628124
-0.03982229
-0.03199389
0.03511775
0.06660461
0.00433886
-0.03514001
0.04149586
-0.02820316
0.00880593
0.03455604
0.02024700
0.06029927
-0.00444653
-0.00311971
-0.00585952
0.11249820
-0.05934067
0.08794867
0.00035205
0.05572106
0.01997956
-0.00804653
-0.04826419
-0.07000716
0.05738818
-0.01473072
0.02204947
-0.08985135
-0.08160810
0.05186805
0.05948543
-0.10842320
0.01778256
-0.00562518
-0.03291695
0.04706940
0.00710704
-0.01956178
-0.04200978
0.01162944
-0.00827258
0.00777364
-0.00069656
-0.00331679
0.00938228
0.05156251
-0.00578546
0.02324850
0.02777755
-0.01446887
-0.00593732
0.09124935
0.02946611
0.03186597
-0.04902351
-0.04484039
0.04006613
0.06218165
0.06573132
-0.04219187
0.03310001
-0.05701578
0.02577115
0.02399640
0.06744590
-0.05654540
0.03903628
-0.03703165
-0.01084067
-0.02291520
0.08104597
0.03508419
0.00162883
-0.01173414
0.00810665
-0.01392309
-0.05957221
0.02912284
0.00151339
-0.00606507
0.05408283
-0.04033328
-0.08864424
0.06810811
0.00213913
0.01441067
-0.03908495
0.03591035
-0.04668361
0.00034639
-0.02053015
-0.05637482
-0.06942416
-0.00551651
-0.00971956
0.01132845
-0.01981767
0.03378532
-0.03848311
0.06071081
0.04653870
-0.03073760
0.00079163
-0.00745558
0.05434086
0.05118803
0.03842533
-0.00810401
-0.01094933
0.04232790
-0.01251014
0.03754015
0.06267950
0.01245900
-0.00003235
0.06338631
-0.00453629
-0.01571771
-0.01867658
0.02030330
0.01253876
-0.04838980
0.07721813
0.00938637
0.03768144
-0.00008954
-0.07329218
0.05591283
-0.00085408
-0.01302720
0.01102362
0.01418540
-0.05689166
-0.05291067
-0.01151175
0.02272774
-0.00210740
0.02850379
-0.05371911
-0.02593352
0.05746965
0.00108762
0.02818238
0.02545791
0.03866780
-0.07495004
-0.08310594
-0.07465339
-0.04356423
-0.06035881
-0.04466336
0.05215758
0.04308439
0.00782280
0.09774350
0.01136858
0.08311501
0.02841642
-0.01287796
-0.00767407
0.01044985
0.00086984
-0.03299348
0.01468747
0.01547123
0.00124894
0.06493122
-0.04164959
-0.00373045
0.00381517
0.00668596
-0.01002173
0.08794063
-0.02401639
-0.01039132
-0.02727481
0.02207440
0.02050064
-0.00492228
-0.01518270
-0.00312908
0.03729194
0.03617592
-0.01250005
0.03568768
-0.06687580
0.02164588
-0.04425117
-0.06772121
-0.05299274
-0.07185933
0.00579700
-0.00327973
0.08331742
-0.08333704
-0.09367571
-0.01058196
-0.06613848
-0.02966076
-0.00803917
0.05698432
0.00809870
0.00023904
-0.02369988
0.05082685
0.02370005
0.05423439
-0.04893723
0.03184327
-0.07527288
-0.06131570
0.05320771
-0.02333281
0.04504890
-0.05998129
-0.03279179
0.00947296
-0.03284968
-0.02334133
0.01094230
0.00438878
0.01774811
-0.02024931
0.00039058
-0.10255029
0.00076225
-0.02811977
0.03980291
0.03002653
0.04407203
0.00333966
0.00005037
-0.04760429
-0.02987421
-0.01140870
0.00701000
-0.00276581
-0.01474475
-0.00124235
-0.02388623
0.01805925
0.04294550
-0.07695498
0.08144324
0.00635536
-0.08260006
-0.01696030
-0.02715904
0.01094483
-0.05268379
-0.06518119
-0.01175621
-0.04651358
-0.05196045
0.06904019
-0.01502106
0.03600144
0.06408966
0.02413807
-0.01139421
0.00959195
0.04933294
-0.06685361
0.01765305
-0.00583963
-0.01298225
-0.03670148
-0.01972744
0.07293465
0.08466723
-0.04449081
-0.00309521
0.03854863
-0.08065528
0.04633833
-0.02762739
0.03099039
-0.02491786
0.04195080
0.01189485
0.02007634
-0.02513114
0.03004794
0.00745099
-0.03563927
0.02002618
0.10016944
0.00820620
0.03843054
0.08095714
-0.04776152
-0.01546291
0.02146113
-0.04260813
-0.02789422
0.05842438
0.03032209
-0.01909504
0.00998184
0.06908398
-0.03303388
-0.01904836
-0.03129776
-0.00317492
0.03420736
-0.00966924
0.01539389
-0.08073850
-0.00412781
0.00394102
0.03792830
-0.02426325
-0.05020437
0.06705552
-0.04966843
-0.05505105
-0.06010127
0.07009048
0.03647871
-0.06410208
0.00372524
-0.04767127
0.12717181
-0.00733420
-0.02582746
0.03644482
0.08336215
0.00603994
-0.03398120
-0.00928458
-0.01422863
-0.06127936
0.02005741
-0.05154278
-0.12293947
0.03734792
0.01379527
0.02652826
-0.03158554
-0.05058613
0.04865330
-0.01541239
0.08661583
-0.05448474
0.03834210
0.02201327
-0.07109244
-0.00421857
0.08104080
0.00422508
-0.00752505
-0.00545463
-0.02809019
0.02183389
-0.03235488
0.02401089
0.01501576
0.08567931
-0.02573086
-0.00537532
-0.08901644
0.06669791
-0.08114790
-0.01845445
0.03720633
-0.11971057
0.01127484
0.01849059
0.08299503
0.00053331
-0.03541422
0.02832525
-0.08992133
0.00478730
0.00202781
0.08120663
0.00107439
-0.08534451
0.00224236
0.00942359
-0.03798667
-0.00025722
0.03721243
0.07239260
0.02843379
-0.01142805
0.02321371
0.04050905
-0.03944753
-0.07015016
0.00290839
-0.06386423
0.04481539
0.00642241
-0.05569344
0.08540864
0.02927795
-0.02342685
0.05233324
0.00866287
0.04460034
-0.01695821
0.04357347
-0.01694382
0.00987521
-0.04942291
-0.06090698
-0.02010110
0.06667756
-0.01371972
-0.03834410
0.04665655
-0.04861972
-0.00997957
0.01057996
-0.02140213
0.06124178
-0.04062236
0.01335933
-0.10285939
-0.10927356
0.13789812
0.05008457
0.02001841
0.01303695
-0.00960100
-0.03001086
-0.09185700
0.09982214
-0.01221416
0.00012198
-0.00580778
0.05160649
-0.00562330
0.07975103
-0.03234068
0.10181662
-0.00873145
0.07296319
-0.06742993
0.00460663
-0.07267407
0.00649441
0.06500114
0.00401584
0.01159285
0.01443383
0.00541416
0.06478537
-0.02325055
0.04085021
0.02051445
0.02032840
-0.03703893
-0.02882410
0.08354835
0.06759682
0.01774235
0.01698473
-0.04406104
0.06325996
0.03427153
0.02670849
0.01296210
-0.03996682
0.00492865
-0.03063243
0.02145739
0.00806261
-0.00138362
0.04005483
-0.03532483
-0.05384175
-0.02002908
0.00533131
-0.06791168
-0.00747164
0.02595377
0.01675315
-0.01548933
-0.04715006
0.02793232
0.00468070
-0.03611984
-0.00669028
0.00360175
-0.04443067
0.03345215
-0.00356386
0.00083443
0.00073231
0.03348196
0.04438114
-0.05103253
