0.03283830
-0.08998192
0.03152271
-0.00166288
-0.02591696
0.02352716
-0.06863178
-0.01289358
-0.04619976
-0.04784732
-0.12612323
0.07317451
-0.05398016
0.10478155
0.04290277
0.03313238
0.01692849
-0.05030111
-0.08432031
-0.16230087
0.00603432
0.09889565
0.08906541
0.01136766
0.00578679
0.06411012
-0.08303557
-0.08778325
0.05190115
-0.00901454
0.03727951
-0.06877225
0.03433708
0.08041881
-0.08316235
0.05870102
-0.00043678
-0.02017207
-0.02449969
0.05765845
0.02471094
-0.04245443
-0.00510280
0.11292670
-0.08513710
-0.10807221
0.02917224
0.03236162
-0.03734218
0.08561077
-0.05972246
-0.07120149
-0.05382691
-0.01309555
-0.02562003
0.08427355
0.02692012
-0.07038608
-0.05690811
0.00408529
-0.04810051
0.00077565
0.06415004
0.01142062
0.02451431
0.06288104
0.02758942
-0.05350369
0.02774004
-0.05447223
0.00479867
0.06281707
-0.03110491
0.12197959
-0.09879845
-0.00068653
0.04315387
-0.05317749
0.08688167
-0.10178150
0.02268061
-0.14051408
-0.00543738
0.06203186
-0.01524848
0.04817680
-0.04783089
-0.05182323
-0.09011204
0.00994404
-0.05690474
0.02855199
-0.02611280
0.04483349
-0.06848500
0.02571418
-0.05704847
0.05986662
0.03945845
-0.02598925
-0.02623688
0.02861047
-0.06130796
0.04114760
-0.02120950
-0.03851951
0.02566654
-0.11546399
0.01769861
-0.01039505
-0.08787853
0.01250170
0.12663129
0.04293477
0.02447936
0.05233835
0.13939370
-0.12376072
-0.00190848
0.06824878
0.04482268
-0.00835121
-0.06941930
0.04330338
0.09626362
0.02616875
0.00450300
-0.09576670
-0.05852073
-0.01270044
-0.05222138
-0.01092185
0.05124929
-0.05808358
0.00552571
0.03372589
-0.00853495
0.01406661
0.09104218
-0.05743065
0.05520286
-0.07122309
-0.04113384
0.04766892
-0.08551667
0.06992630
-0.09763797
0.03744797
0.03556992
-0.11337528
-0.01574012
0.03866646
0.00073079
0.08215173
-0.04186579
-0.01674323
0.08330812
-0.11218826
0.01580052
-0.00639685
0.09594323
-0.09677426
0.00510153
-0.08672451
-0.09793516
0.03524034
-0.08674899
-0.01187274
-0.09303794
-0.01671336
0.04038757
-0.04865718
-0.08583193
-0.08411644
-0.06813704
0.03876949
0.02593374
-0.01299811
0.10027890
-0.10241658
0.02802349
0.03214998
0.02908950
-0.03950644
-0.03469469
0.08070491
-0.02703300
0.06946454
-0.09378774
0.07000756
0.11841939
-0.08386720
0.02651867
-0.06757793
0.04487246
0.06265457
-0.05613527
0.04813746
-0.06374881
-0.04099982
0.03295961
0.01273432
-0.10090151
-0.07628774
0.00778014
0.10510122
0.10743468
0.08406051
0.01057335
-0.07963410
-0.05960082
-0.00727631
0.03111795
0.01587047
-0.12101683
-0.05103627
-0.02990310
0.04509092
-0.05975185
0.06500957
-0.08038571
0.07132399
-0.09280106
0.09089893
-0.08786410
-0.04859287
0.02526741
-0.03405701
-0.05199673
0.08358137
0.02358779
0.04341741
-0.02838650
-0.09958550
0.02105474
-0.05479686
-0.07629541
0.04035449
0.09645151
0.05612815
-0.11529467
0.01650171
-0.03815930
-0.05964234
-0.00289086
-0.04063190
0.01994061
0.05845400
0.03123243
-0.00847949
0.08753452
-0.08384419
0.01013763
0.09122173
-0.02378526
-0.10802893
-0.00513466
-0.04069666
-0.07628251
-0.05439864
0.03612513
-0.16636261
0.07337926
0.05245733
-0.03417893
0.10039826
-0.10483735
0.16520780
0.01908640
0.04176299
0.01753828
0.00877896
-0.25130284
-0.08028642
0.08583207
-0.27533647
-0.12801626
-0.06856335
0.09662686
-0.04997236
0.00355674
-0.10664223
-0.17165641
-0.20018603
0.03688471
-0.05395026
0.00187352
-0.09732582
-0.01083092
-0.07414597
-0.19520378
-0.05870242
0.14602175
0.02964818
-0.10441247
-0.19779544
-0.12569346
-0.01896210
-0.00827949
-0.16282120
-0.11221281
0.14147787
0.22921704
-0.25281247
-0.06044455
0.14824581
-0.01278161
0.11361914
0.06080643
-0.16879740
-0.01019729
-0.18473265
0.11592806
0.10824499
-0.07998047
0.09124970
0.09621186
0.33888835
0.02969673
-0.19709207
-0.04923481
-0.02421291
-0.02881513
0.04686689
0.05721642
-0.02303763
-0.04889479
0.08451131
-0.04569443
-0.08102734
0.04534291
-0.05824530
-0.00093470
0.00966650
0.03649194
-0.02577181
-0.02466154
0.01093456
0.00116936
-0.00916641
0.00724531
0.02768335
-0.00316693
-0.05989662
0.03566803
-0.07622953
-0.01311582
0.00390295
0.08300854
0.02524086
0.01428420
-0.01967325
0.00312253
0.08113430
-0.02947607
0.05269725
0.00427106
0.08307382
0.01539021
0.01589597
0.00101295
-0.09976317
0.02369054
-0.03308872
0.03440372
-0.00194753
-0.08341949
-0.01541571
0.02784557
-0.06383403
0.03843435
-0.02550478
-0.01434321
0.03056486
0.04178751
-0.09724846
-0.06915580
-0.00426988
-0.00855066
-0.00573436
-0.02333194
0.05424343
-0.04283477
-0.02892830
0.00943275
0.00910516
0.06987334
-0.06774352
0.03633649
0.03689989
0.01966326
-0.01546745
0.00447533
-0.08492821
0.01517605
0.05237979
0.01613301
-0.02487299
0.03454024
-0.04223041
0.04514803
-0.00174087
0.05712390
-0.02720542
0.05364251
-0.00608350
-0.01393444
0.02315720
0.04573910
0.01886803
0.02731115
0.06472035
0.08079782
-0.04926566
-0.00480177
0.01813892
0.00641449
-0.02245562
0.01628640
-0.07164092
-0.05133218
-0.00930601
0.02206486
0.06093391
-0.02420984
-0.00030068
-0.04529521
-0.01651548
-0.03600120
-0.07062635
-0.01448981
0.06837846
0.00160241
0.00627871
0.04514007
-0.03167553
-0.01273288
-0.01580703
-0.03213861
-0.07906169
-0.04494265
-0.01837254
-0.00511391
0.02119432
0.02761063
-0.00210609
0.03972212
-0.04555757
-0.03289696
0.02046116
0.03160324
-0.02658203
0.06171735
0.08590301
0.00324226
-0.02167671
0.03579755
0.03939228
0.03132346
-0.07595006
0.06886462
0.03270040
-0.00372051
-0.05015783
-0.02238899
0.02972736
-0.00157979
-0.03641353
0.03635089
0.05387840
0.01085854
0.01032946
-0.01692391
0.00532656
-0.00459183
-0.01828222
0.00413616
-0.02342075
-0.04222640
0.01095039
-0.03556860
0.01736362
0.00509769
-0.02541788
0.02056392
-0.07722409
-0.07598683
-0.02029697
0.00592129
0.04755506
0.03248305
-0.03541282
0.02754582
0.07581797
0.02603456
-0.00538573
0.00776701
-0.01219706
0.02488684
0.05599743
-0.06926614
0.02249198
0.00883804
0.00046637
0.03917684
-0.00615471
0.01366805
0.02732483
-0.00360018
-0.02001471
0.04734429
-0.02053912
-0.00605558
-0.01738448
0.01809337
0.02601771
-0.02731486
0.00303027
-0.02061582
0.03621903
0.01471125
0.02418542
0.05955203
-0.05968281
0.05375119
-0.04531414
-0.06880418
-0.05493289
-0.06950203
0.02638823
-0.04477377
0.05198689
-0.06736089
-0.07056577
-0.02302164
-0.11731025
0.00781316
-0.00258055
0.02772379
-0.00742802
-0.00298896
0.04119297
0.02394984
0.04246228
-0.03287031
-0.03258918
0.04407892
-0.02426586
-0.02305314
0.01538953
-0.06496070
0.03976506
-0.06434473
-0.02702336
0.03843658
-0.06253348
-0.05125964
0.02972966
-0.05046552
-0.01356246
0.01732860
0.00571704
-0.11596496
-0.00469838
0.03314940
0.01558245
-0.02629294
0.00717584
-0.00445923
-0.01450008
-0.07461947
0.00009625
0.02180107
0.03186515
-0.01758611
0.00832871
0.00692654
-0.06681619
-0.00573830
0.05803314
-0.06532867
0.09764683
-0.00326854
-0.05263121
-0.03941046
-0.00050677
-0.02232248
-0.05709101
-0.01428269
0.05362129
-0.02946714
-0.03052073
0.03059095
0.01710894
-0.01226711
0.03100353
-0.01495400
0.00094826
-0.00410685
0.06337556
-0.02537930
-0.05441050
0.01984433
-0.05234993
-0.01827517
-0.02476709
0.12280558
0.06206172
-0.02933873
0.00155373
0.07115975
-0.03911060
0.02057276
-0.00564564
0.12428142
0.04285876
0.07524863
-0.03669973
0.01389235
-0.05699190
-0.03903250
-0.02580722
-0.02532859
0.01254094
0.05849880
0.04200589
-0.03667923
0.02095227
-0.11904585
0.01357539
0.03055903
-0.02438665
0.03609246
-0.03053971
0.04031001
-0.02945494
0.01553363
0.07368506
-0.12187907
0.00851118
-0.05990604
-0.00369397
0.02033832
-0.05146940
-0.02359851
-0.04647125
-0.03179469
-0.01018980
0.03565936
-0.00677135
-0.01321428
0.01496806
-0.10075498
-0.01026378
-0.08147663
0.00193188
0.01791848
-0.05289391
0.01461845
-0.07431838
0.11600047
-0.03382299
-0.05505417
0.01078619
0.13564059
0.06360126
0.01734639
0.01481353
0.00066138
0.00748770
0.06957614
-0.06270695
-0.02813953
0.02773566
-0.04669831
-0.00524651
-0.01359197
0.01799681
0.01647039
0.02903602
0.07853436
-0.04039381
0.03961633
0.08832215
-0.06236352
-0.01199160
0.09219109
0.05547191
-0.03674737
-0.04841432
0.04695987
-0.00695075
-0.01264045
0.07682961
0.01136028
0.08424138
0.01197297
0.00403493
-0.02101686
0.01285617
-0.09630765
-0.01656665
0.00431098
-0.04781054
-0.04002155
0.00132272
0.00828150
0.06976218
-0.00392976
0.05179771
-0.01744100
-0.02214795
0.01787112
0.05475105
-0.02444747
-0.06900410
0.01490080
0.05012375
-0.05330591
-0.03751724
0.04897761
0.03566270
0.00342797
-0.03491095
0.02481619
0.07808904
0.07801279
-0.08376661
0.06141257
-0.09637992
0.02571774
-0.00398794
-0.04453429
0.06278849
0.03739043
-0.06722294
0.05439407
0.03311137
-0.01349906
-0.07595679
0.04916156
-0.01079662
0.08505786
-0.07718133
-0.03817137
-0.03374392
0.00019291
-0.01007007
-0.00448188
0.07111336
-0.02243193
-0.01178803
0.02407702
-0.02223622
0.06022570
0.04093428
0.04483522
-0.01904533
-0.08339352
0.06909449
0.00307998
0.01593315
0.04422848
0.02161127
-0.08709721
-0.08350682
0.10696116
-0.00219709
-0.02282742
-0.00777202
0.04018339
-0.01410546
0.06476080
-0.02846709
0.02308438
0.00441961
0.04405972
-0.05726932
0.06854290
-0.09424125
0.02178518
0.01347547
0.02177308
-0.02793210
0.00524756
0.02119694
0.03717096
-0.01163471
-0.03294181
0.05468766
0.03367660
0.05553555
-0.03888361
0.07564853
0.03974268
0.02210376
0.00229350
-0.07551589
0.03361068
-0.02133508
0.03084089
0.05836987
-0.06139611
-0.06570716
0.05441769
0.08771735
-0.00496285
-0.00858894
0.05369342
-0.01497774
-0.03119399
-0.02368908
0.03314324
0.01497617
-0.06151612
0.01340678
0.02306931
0.01098953
-0.02441238
0.03090062
0.01148064
-0.04749856
0.03541828
-0.03896252
-0.04448298
0.00777816
-0.01412265
-0.01245332
-0.03290867
-0.05391453
0.04350765
-0.04610053
