0.01785887
0.01566707
0.07484031
0.10948530
0.05839377
0.05134290
0.02283047
-0.07593317
-0.01001540
-0.08805058
-0.01572234
-0.05283633
0.15566099
0.06076663
0.01842886
0.05870755
0.07770548
0.06921559
-0.02928954
0.05223567
0.00596262
-0.11663619
0.01488376
-0.05354973
-0.05063578
0.05051222
-0.05315552
-0.02776198
0.04695753
-0.03331878
0.04494709
-0.05812453
-0.00356597
0.03246387
0.05147379
0.06482653
0.04545682
-0.00535500
-0.00122826
0.01152022
-0.00552970
-0.08071881
-0.07753337
-0.04105737
-0.06438529
-0.04976463
0.08565556
-0.00920024
-0.06123025
0.05412457
0.08525720
-0.05009062
-0.04678188
0.10471672
-0.09215331
0.02431060
0.00815472
-0.05536973
-0.07269095
-0.00221379
-0.11234801
-0.03993990
-0.01612050
0.01616652
0.03407512
0.02759960
0.11978038
-0.13698260
0.00554942
-0.03984921
-0.13478346
0.05484186
0.04698312
0.03188250
-0.06391961
0.02579138
-0.01077360
-0.04288990
0.05984332
0.10767917
0.03632030
-0.02425814
0.04580894
-0.02175679
-0.02036870
0.05614340
0.00517432
0.05585269
0.07058854
-0.04868698
-0.02907693
0.01221791
-0.02785507
0.09175421
-0.05420751
-0.03372629
0.01973397
0.07152341
0.08595330
-0.08043475
0.00877616
0.17374928
0.01334267
-0.08617046
-0.03193776
-0.08744538
0.03324018
-0.02653595
-0.09339681
-0.06021112
0.05385392
0.04437831
-0.07343995
0.02455029
0.08119596
0.01987594
-0.00469586
-0.07765599
0.09848554
-0.00180961
0.02468758
0.04159297
0.04180821
0.04260257
0.03252357
0.03927864
0.00351898
-0.02125356
-0.07317521
-0.05642149
0.04303190
0.04698804
-0.12341829
-0.00137385
0.06208957
0.03315504
-0.08659038
0.05664769
0.03563131
-0.02154480
0.07681664
0.00061575
-0.07601249
-0.09261905
-0.05808135
-0.08659980
-0.07446831
0.08965279
0.10025062
-0.03533265
-0.12781721
0.05642997
-0.07973606
-0.02948327
-0.05417809
-0.03595483
0.08510378
-0.04429720
-0.01912981
-0.12803502
-0.03006718
-0.08773984
-0.09193739
-0.05636401
-0.04216944
-0.02086044
-0.03258221
0.08348095
-0.06988517
0.00418177
0.04850120
0.04434125
-0.01238208
-0.10026807
0.03888304
0.07937472
0.02676078
-0.02717212
0.00924733
0.00228922
0.03950685
-0.00900335
0.00495446
-0.00967027
0.02199015
0.06573946
-0.06906132
0.08579979
-0.07411646
0.12093633
-0.02198861
-0.04458903
-0.05037389
0.08910444
0.03981538
0.05012987
0.08692601
0.09689841
-0.03067606
-0.03077048
0.03952324
0.09368081
0.00387765
0.10971806
0.00550292
0.09874900
0.01567739
-0.00948501
0.06631444
-0.01331415
0.00534951
-0.01318144
-0.01288900
-0.14370997
0.05498317
-0.01845692
-0.08366965
0.00656614
0.01475198
-0.14329459
-0.07014868
-0.01344280
-0.04061745
-0.06025153
-0.05681171
0.01801983
-0.10355937
0.07469732
0.00786174
-0.05186865
0.04136972
-0.01956399
0.05733824
0.00768169
0.09642848
-0.01231811
-0.00252084
0.01384869
0.03817045
0.00285843
-0.06996739
-0.10748196
0.08659544
-0.03504275
0.02179810
-0.06104524
0.14238766
0.13974088
-0.05970507
-0.07640932
0.03217999
-0.06268990
0.05608931
0.11484551
0.05207704
0.07837026
0.01793902
-0.03147154
-0.04319790
0.00556256
0.09244195
-0.18364751
0.06803597
0.09258972
-0.03900781
0.05485191
-0.11554310
0.11833905
0.04210099
-0.00239288
-0.02424693
0.00200925
-0.21720712
-0.04332115
0.13617621
-0.24835940
-0.16329813
-0.04340980
0.06985050
-0.07300685
-0.03833706
-0.11609731
-0.17235646
-0.22650869
-0.03495421
-0.00909870
0.05963158
-0.04471448
-0.02527359
-0.05743042
-0.19346841
-0.03353132
0.16264811
0.00645026
-0.08024956
-0.17915000
-0.11514327
0.06480586
-0.07881821
-0.16413303
-0.08137862
0.10603344
0.18197976
-0.26604125
-0.07059605
0.20270570
-0.01178861
0.14307262
-0.00358889
-0.15806633
-0.05434110
-0.16765615
0.11715348
0.09746487
-0.04098190
0.04569520
0.14143369
0.35902342
0.10580150
-0.21558918
-0.09025548
-0.01904496
-0.04752933
0.08720587
0.03841720
-0.02548581
-0.04082326
0.08954276
-0.07206121
-0.03760418
0.04654431
-0.04715174
0.00408149
0.03974708
0.04231753
-0.00771273
-0.01022350
-0.02419389
-0.01837495
0.02959379
0.01512538
0.07501110
0.03206949
-0.05732346
0.02266992
-0.02111646
0.05340078
0.07460269
0.04107418
0.07636099
-0.01124214
0.00024248
-0.02127381
0.08962173
-0.02533433
0.02227286
0.01977722
0.06275593
0.07891362
-0.00534198
0.00567316
-0.07728261
0.01688252
-0.04714279
0.06850313
0.01379492
-0.09545948
0.03809439
-0.00546604
-0.03761794
0.09471522
0.01124454
0.05649618
0.05932163
0.00071241
-0.02818844
-0.01530277
-0.05240721
-0.02708448
-0.00402997
-0.00973305
0.08792596
-0.02362688
-0.04687511
-0.02357084
-0.00849447
0.00854466
-0.08138832
-0.03407197
0.10682140
0.04233908
-0.02592485
-0.04469153
-0.03171559
0.00879332
0.00234329
0.00955204
-0.00823738
0.04733346
-0.06384227
0.02146330
0.04135572
0.08213216
-0.06688353
0.06840219
0.02187479
-0.01344324
-0.00346991
0.07906654
-0.00041579
-0.00590474
-0.00471862
-0.01058957
-0.00890326
-0.06917643
0.05823445
0.02808779
-0.01551455
0.01769572
-0.05947520
-0.03446520
0.02918971
0.01439341
0.00946842
-0.00117997
-0.02308708
-0.05374010
-0.01427196
-0.01558714
-0.10439605
-0.00294528
0.08310015
0.00945437
-0.02891183
0.02109574
-0.01696925
-0.05691380
0.03880353
0.04542107
-0.09692926
-0.03469750
0.03890139
-0.01346804
0.02073221
0.02496919
0.01551529
0.00840828
0.03214540
-0.03771120
0.07461903
0.02962782
-0.02903262
0.05072602
0.09117564
-0.03308776
0.06916371
-0.01328125
-0.00777911
-0.04546190
-0.06320708
0.04159530
0.03022015
0.02008191
0.03857049
0.00081872
-0.01106524
-0.01290211
-0.05091185
-0.01337663
0.01200286
-0.01418671
-0.00465553
0.01212908
0.02761643
-0.04267905
-0.01468563
-0.01557755
-0.04359012
0.00841043
-0.01165651
-0.04121162
-0.00793702
0.01540291
-0.06200878
0.00918843
-0.06521094
-0.06760629
0.02111816
-0.02169713
0.01231587
0.01048311
-0.01327446
0.05078204
0.10963844
0.07925899
0.03813064
-0.03836043
-0.00172866
0.03240256
0.02259494
-0.01632510
0.03810526
-0.02805647
0.02275081
0.08542152
-0.03353941
-0.00744287
0.03443213
-0.04033770
-0.01073952
0.10663693
-0.03595441
0.02486025
-0.05022100
-0.00428691
0.03481107
0.01748942
-0.06269448
-0.02265665
0.05193013
-0.00041458
-0.01347459
0.03857821
-0.03364414
0.03289875
0.00293436
-0.06140491
-0.01643017
-0.02308989
0.02566211
-0.01152786
0.05997196
-0.09458482
-0.08971565
0.05007374
-0.04847716
0.01163215
0.05887606
0.05483511
-0.01273044
0.01206005
0.03400777
0.02025878
0.06409812
-0.06152100
-0.00993727
0.01155634
-0.06505630
0.02387512
0.01365933
-0.00463223
0.06891672
-0.01778290
-0.00622215
0.03282011
-0.01590112
0.00620978
0.06194900
-0.07238507
0.02106034
-0.05262143
0.02074104
-0.05686504
0.03432395
0.04331617
0.00315354
-0.00271691
-0.01710787
0.01589540
-0.03337781
-0.05299552
0.03989335
0.03056913
0.07268111
0.01646673
0.01114026
0.08224205
-0.01306031
-0.00198509
0.07763700
-0.02164782
0.09594164
-0.00077174
-0.06577016
-0.07912926
-0.03013894
-0.02129773
-0.03769397
-0.01825918
-0.00056372
-0.03215526
-0.07000680
0.01302162
-0.04104122
0.03866318
0.04648560
0.03905470
-0.00221214
0.03952137
0.00936277
-0.05228341
-0.01633675
-0.00588542
0.02083809
-0.06373230
0.00336605
0.08517149
0.02648016
0.01275670
0.01290026
0.09003939
-0.05728208
0.00723789
-0.06512038
0.06948755
0.05508862
0.07954157
-0.01934937
0.05212392
0.00107003
0.05440618
-0.03984614
0.01416061
0.04037493
0.07089528
0.01342300
0.03452249
0.05652604
-0.03983329
0.05234086
-0.00665065
-0.00379288
-0.02183636
0.00374445
0.00457641
0.01375154
0.06037588
0.02798407
-0.09133603
0.06650964
-0.00916282
0.00351727
0.06409316
0.00053526
-0.01681716
-0.08611228
-0.02998785
-0.01967595
0.03662105
-0.00658350
-0.01407910
0.06141310
-0.04652903
-0.07357790
-0.04505013
0.04439438
-0.00748732
-0.07962839
-0.01081359
-0.02045257
0.06771009
0.02987581
-0.04480509
0.02565545
0.08826437
0.01651735
0.00083737
0.01507663
-0.02599401
-0.08137586
0.08516661
-0.10535718
-0.06194574
0.09143582
0.01477017
0.05395171
-0.01334018
0.00206790
0.04624104
-0.01442546
0.11659314
-0.04841429
0.05892217
0.00170477
-0.05332179
-0.03658896
0.06249686
0.08706569
-0.01752937
0.00269189
-0.04389080
0.01698130
-0.02597771
-0.02625178
0.01652390
0.07152932
0.05195341
0.00278382
-0.01485313
-0.00877408
-0.05196664
-0.02376709
0.07086663
-0.06846313
-0.00148497
0.06906310
-0.00192549
0.07126310
-0.00338815
0.02519105
-0.00296661
0.04502866
-0.01747169
-0.00444171
-0.01822859
-0.05545509
0.02326776
0.05266568
-0.06134317
-0.00939646
0.06462698
0.10141788
-0.04253164
-0.07195716
0.01742698
0.01421418
-0.01532036
-0.01685186
0.04453589
-0.06408770
0.01651221
-0.04637009
-0.05350360
0.03776133
0.00365940
-0.06505256
0.05148249
0.02871376
-0.01058693
-0.01463457
0.03485337
0.03603172
0.01381415
-0.02487918
0.00390597
-0.03466220
0.02959954
0.03561783
-0.03884286
0.05166615
-0.06430238
-0.03360729
0.00141438
-0.02357903
-0.00217909
0.02110828
-0.00541081
0.00668072
-0.07415263
0.04484115
0.02296587
0.03571451
-0.00349167
-0.00514598
-0.05231542
-0.07978222
0.11045311
0.04302046
-0.03820314
-0.01359392
0.04613552
0.00358685
0.08957277
-0.00495663
0.03408067
-0.01823373
0.03524269
-0.05708468
-0.01344708
-0.04598857
0.02168100
0.01470115
-0.01207844
0.02805666
0.04167778
0.05709474
0.05774276
-0.00641546
-0.04127274
0.05725329
0.04156017
-0.02288613
0.04730918
0.05458187
0.02794282
-0.01696538
0.03561606
-0.04448370
0.09139563
0.00175698
-0.01014494
-0.01075004
-0.02681689
-0.02879797
0.04456463
0.09793615
0.00317794
0.03553331
0.03559401
-0.04159165
-0.02808610
-0.00213472
0.05514227
-0.02909760
-0.04882367
0.02785938
0.04966150
-0.04350830
-0.04561644
0.06292788
0.02095910
-0.03955906
-0.00075493
-0.02135454
-0.02633027
0.02424598
0.00229080
-0.05118345
-0.00795709
-0.01710346
-0.00702062
-0.05252823
