-0.00001262
0.00232326
0.08431002
0.06360687
0.00679369
0.02725829
0.07491542
-0.04150366
-0.00098763
-0.06581801
0.04166927
-0.05142013
0.11094668
0.03089147
0.05247214
0.03523191
0.00329682
0.00228075
-0.02786295
0.05184535
0.01295406
-0.10271338
-0.00185464
0.04854415
-0.05321996
0.16811486
-0.03782624
0.05120356
0.08634821
-0.07563347
0.00723206
0.04818743
0.01279415
0.02047780
0.04101035
0.05021843
0.08268003
-0.05624948
-0.01438821
0.07874451
0.01360913
-0.02021949
0.00441756
-0.05913877
-0.03546719
0.00677310
0.05697425
-0.03282356
-0.12448329
-0.00507900
0.04732884
-0.06004678
-0.02005944
0.07765014
-0.02297392
0.02315926
0.03964208
-0.03836485
0.01254918
0.05088083
-0.00867018
-0.06920726
-0.01239223
0.03317234
-0.04232753
0.05778016
0.10384241
-0.13131621
0.01044705
0.04469081
-0.13656656
0.04931780
0.01807160
0.02265712
-0.03674265
0.05226285
-0.05481314
0.00872750
0.00300931
0.08007476
-0.02886997
0.03681593
0.04923503
-0.07250657
0.02664995
-0.03021746
0.05802048
0.12855847
0.00519046
0.00354861
-0.02237888
-0.00412992
0.00028650
0.04918272
-0.05599866
0.05839150
0.10401953
0.03336091
0.10906544
-0.07742423
-0.01021467
0.15472975
0.03340822
-0.04419103
0.02657180
-0.10207792
0.01582831
0.06021868
-0.10850700
-0.05772055
0.16928844
-0.02850216
-0.03556766
-0.01881056
0.11359185
-0.01018479
-0.01402422
0.01849988
0.04731999
-0.03291176
-0.06200287
0.08884104
0.03373332
0.07445947
0.01784498
0.04949350
-0.09128423
-0.00394970
-0.01278943
0.02677876
0.09049620
0.03240040
-0.04714382
0.05866474
0.01533741
-0.01758758
-0.12111761
0.06111736
-0.10523623
0.00622052
-0.01840555
0.05454599
-0.00050339
-0.04491191
-0.00913388
-0.13492319
-0.08009382
-0.05460937
0.09394412
-0.02686727
-0.13788112
0.07156330
-0.10692772
-0.04464623
-0.06331473
-0.00590908
0.12357384
0.05760906
-0.03558315
-0.07853207
-0.05377894
-0.05164859
-0.05303665
-0.03770639
0.01855601
0.04814029
-0.09088968
0.10815872
-0.10289579
-0.01354899
0.02658338
-0.00644362
-0.08869893
-0.10980098
0.00580884
0.00965086
0.05387732
-0.10302111
-0.04334999
-0.02620745
0.00095810
0.03907334
0.02419646
0.05979007
-0.05254570
0.00792949
0.01927505
0.07328700
0.03016654
0.08250221
-0.08385295
-0.06218146
-0.09705716
0.10633963
0.04899484
-0.01215389
0.10557211
0.12901719
0.03959376
-0.02378842
0.03130312
0.11630829
-0.06708205
0.13281760
-0.04622750
0.03163809
0.00946849
-0.01919090
0.06632344
0.00273780
-0.02021859
-0.00997419
-0.01034146
-0.13476197
0.04599698
0.01072116
-0.03056424
0.08364966
0.05149616
-0.06145528
-0.00856564
-0.04083222
-0.00607484
-0.09342202
-0.04754550
0.05751368
-0.11025519
0.05179859
0.02789199
-0.01608010
0.00113754
-0.08433121
0.07423317
-0.05391688
0.08954337
0.06767858
-0.04289848
0.01226200
0.00414531
-0.02900779
0.03410336
-0.10668451
0.08849963
0.02214773
0.06264142
-0.09842833
0.04185752
-0.00079182
-0.08784846
-0.10713208
-0.06828283
-0.05955328
0.08134938
0.01542109
0.00638558
0.06257541
-0.09204242
-0.02157030
-0.06591555
-0.04282793
-0.02588347
-0.15360393
0.11750060
-0.01063058
-0.02514804
0.08884976
-0.08000484
0.19098946
-0.05733152
0.04042669
0.07994694
0.09850009
-0.20433912
-0.10133694
0.02523868
-0.25413126
-0.08937352
-0.04253857
0.10784107
-0.09539305
0.02017258
-0.08012189
-0.16411793
-0.21186869
0.12638815
-0.14888237
-0.01117836
-0.13236627
0.06679969
-0.01318014
-0.10243279
-0.07300700
0.13335788
-0.04046656
-0.14628910
-0.22485852
-0.17080830
-0.05669427
-0.01061019
-0.12572889
-0.11205824
0.18408887
0.25258723
-0.18618421
0.00027574
0.14502855
-0.03783944
0.11848295
0.10486857
-0.21051395
0.05090087
-0.23011442
0.07083081
0.05590156
-0.11280813
0.08082177
0.11728610
0.24553703
0.02955453
-0.19322154
-0.03478999
-0.00775304
0.01620063
-0.01476498
-0.04875411
0.00729071
-0.05418385
-0.04980477
-0.00934005
0.02940703
0.01187518
-0.07961272
-0.06769060
-0.01330410
0.01225123
-0.03276625
-0.01002304
-0.03167774
0.02023655
0.02410668
0.03495457
0.03641957
0.07390764
0.04763210
0.05199836
-0.04749485
0.06141389
0.00701482
-0.02279845
0.09125862
-0.06397483
-0.04857177
0.07217190
0.03478430
-0.01124418
-0.04789881
0.03507033
0.09522448
-0.01344515
-0.00714107
0.05879876
-0.00476663
0.03382758
-0.07472429
0.02111362
-0.06864411
-0.03137810
0.06291146
-0.01005530
-0.09534547
0.00932788
0.07059066
0.02182095
-0.02676409
0.00652594
0.03237213
-0.00737974
-0.04900409
-0.02757372
0.00882819
0.04669414
0.00444797
0.00915060
-0.01760025
0.02726285
0.03185146
-0.03871299
-0.04701849
0.00039890
0.00009225
-0.00252051
0.06661152
0.04997703
0.02100993
0.02377206
-0.01893416
0.00654845
0.03267280
0.04203304
-0.01536689
0.03186125
-0.01482878
0.02281244
-0.02030728
0.00180394
0.05200334
0.04672128
-0.00736759
0.04949447
0.09060303
-0.02538620
0.03133050
0.00893463
0.07009088
0.01598050
-0.04482387
-0.02489023
-0.03296547
0.08321019
-0.04088142
-0.04457459
-0.07383358
-0.08439942
-0.03598132
-0.04483714
0.04692087
-0.02207354
-0.02021109
-0.01936109
0.01359484
-0.03281543
-0.00585624
0.03956216
-0.08206145
0.03517413
-0.05931033
-0.02785298
0.08376384
-0.03295587
-0.01936166
0.03938769
-0.03434854
-0.03841517
0.00724579
0.06040596
-0.01266927
0.01430932
-0.00755075
0.03698479
0.06254940
-0.02887796
-0.03337954
0.01265449
-0.00013894
-0.04598659
0.08951304
0.01304447
0.01231320
-0.01681624
-0.05281394
0.05230702
-0.02407391
-0.01828141
0.00410057
-0.08566430
0.06118981
0.06241662
-0.05366986
0.02954659
0.09009649
0.03242034
-0.07049514
0.02028842
0.05113282
0.00370334
-0.06498674
0.05577999
0.03827239
0.06766634
0.02570059
0.03794426
0.01156646
0.08905021
-0.04137537
-0.00947122
-0.05715856
-0.02076423
0.08309304
-0.07427625
-0.04752297
0.01616069
-0.01171723
0.08938838
0.10623024
0.03183501
0.04161864
0.03597753
-0.02305291
-0.01210405
0.06099302
-0.04002887
0.01977580
-0.03969867
0.07810084
-0.00169922
-0.03859529
0.03752252
0.03433144
0.00807774
-0.04484972
0.12141102
-0.04676463
-0.01118141
-0.00648414
-0.00628912
-0.07006743
0.05317150
0.02815441
-0.01526989
-0.01527547
0.05961485
-0.09139439
0.02872291
-0.07012947
0.00531278
-0.03736924
-0.01218025
-0.07609905
0.02332634
0.04485951
-0.00040698
0.03396361
0.04917426
-0.06781843
0.08464007
-0.04983128
-0.01798410
-0.03361788
0.01437041
0.04368136
0.03555739
-0.07656484
0.01503680
0.00976893
-0.00159046
-0.00216287
-0.02827857
-0.07005098
0.02381942
-0.01521171
-0.04454225
-0.01129356
-0.07813551
-0.09347233
0.04435914
0.00788006
-0.00790466
0.08229723
0.00027496
0.02106661
-0.00204117
0.09003802
-0.07227993
-0.01037936
0.02237223
0.01221617
0.05327522
-0.03361120
0.01119916
-0.00128873
-0.13728482
0.03241401
0.01869041
0.01385089
-0.00062696
-0.10044378
0.02249669
0.05833603
-0.00296934
0.03312501
-0.04929471
0.01750874
0.00569104
-0.01854389
0.01947063
0.03465288
0.05364914
-0.04606822
-0.02701133
-0.05431390
0.04683790
0.01155256
0.04287809
0.00472099
-0.00438182
0.02837796
0.11338070
0.06890284
0.01177743
0.01469907
0.03619538
-0.04034445
0.06138105
-0.03705478
0.00185362
-0.07192571
0.01708143
-0.05891651
-0.03451183
0.08603283
-0.01959932
-0.11186822
0.03464999
-0.01501625
0.02584193
-0.02668398
0.06362786
0.01128439
0.08876607
0.00194884
-0.02488269
0.02508367
0.00119914
-0.01638878
-0.03005239
0.00476489
-0.03388502
0.01667521
-0.09264905
0.02090673
0.01988209
-0.00837311
0.00937289
-0.03187679
0.02362009
-0.02917735
0.01253379
0.01384241
0.01645696
0.05821377
-0.06206245
0.00575958
-0.06271249
0.03830373
-0.07749231
-0.05778989
-0.01592178
0.01096445
0.03757092
-0.00999980
0.00104716
0.03550240
-0.04082291
-0.00268319
-0.02733440
0.06861582
-0.02708049
-0.06231837
-0.08592955
0.02363868
0.08680253
-0.06175119
0.00392654
0.00688769
0.05211063
-0.01945984
0.03805944
0.02837818
-0.04900259
0.01672113
-0.04669107
-0.07914347
-0.07389713
0.03790508
0.06561296
0.03333299
0.02128352
-0.03281755
0.04215269
-0.04460057
0.05732231
-0.02450685
-0.01470651
0.04320284
0.00240944
-0.02571048
0.00678137
-0.01776912
-0.03494250
0.05532237
0.01143979
0.06140930
-0.05704387
0.05454663
-0.00895136
0.06619348
0.02123266
-0.04062600
0.01116387
0.01918904
-0.05274691
0.07005140
0.10225502
0.00995450
-0.01897811
-0.05476423
-0.01311813
0.01777495
0.02474506
-0.04475624
-0.01933675
0.02047528
-0.03103607
-0.02361212
0.00456354
0.07059660
0.01889028
0.05821905
-0.02386555
-0.07125855
0.05568130
-0.00850388
-0.02508681
-0.00136959
-0.02306021
-0.03361947
0.06096360
-0.08499013
-0.01818677
-0.02856811
0.04251699
-0.07344772
-0.06689660
0.06739794
-0.03069163
-0.00524867
0.02452007
-0.02423272
-0.05093547
-0.09784488
0.03952632
0.00517220
0.05231141
-0.07013457
0.03919360
0.04963152
-0.08024786
0.03978313
-0.00609900
0.01806107
-0.00739393
-0.06805213
0.01159775
-0.04429889
-0.02307542
-0.02238203
-0.03279733
0.03435544
-0.01466986
-0.03264467
-0.02616793
-0.03404044
-0.05981783
0.01809509
-0.04554633
-0.03278315
-0.00180429
0.03972817
-0.01511447
-0.02660167
0.01188191
0.05487686
0.04855275
0.00237194
0.04531075
0.03228645
-0.01012978
0.00108872
-0.04563533
-0.06931630
0.02177755
-0.02153601
-0.02742852
-0.01271068
0.01506488
-0.03594995
0.09972370
0.02689979
0.06074682
-0.00288419
-0.01997138
0.00887586
0.03483877
0.01847116
-0.04031561
-0.06981362
-0.03762164
-0.00322586
0.00075143
-0.01952488
0.00253110
0.02298143
-0.05437976
0.05384184
0.00002753
0.07778625
0.03365112
0.02281356
-0.03860520
0.01569816
-0.06708968
0.04489296
-0.01545988
0.01336396
-0.05203931
0.02353041
0.04800022
0.01034772
-0.01956394
-0.03171787
-0.02116245
-0.03194267
-0.04692689
-0.01935385
0.00283370
0.06957217
0.00514627
-0.04948681
0.01598411
-0.03985919
0.05305554
-0.07516947
