0.04489066
-0.09100639
0.09833139
0.01805388
0.02382307
-0.01318826
-0.09659275
0.00822287
-0.08769264
-0.05466176
-0.09076484
0.08865495
0.01163206
0.08839659
0.06648498
0.10274635
-0.00499263
-0.04317151
-0.09239307
-0.07299916
-0.04157234
0.04275459
0.09200877
-0.03043862
0.01898613
0.03869458
-0.04854967
-0.02954884
-0.03768803
0.10109594
0.05478775
-0.06498946
0.10292963
0.06733458
-0.02913588
0.02691332
0.10735866
0.01299619
-0.03085161
-0.01304889
0.06235163
-0.07389631
-0.04784082
0.03250226
-0.07034224
-0.08684301
0.07658651
-0.00565426
-0.05784402
0.10505387
-0.09764487
-0.10793028
-0.08304325
0.02461337
-0.07170749
0.09529313
-0.00559994
-0.01693599
0.00346645
0.04287754
-0.05986448
-0.01860775
-0.02696839
-0.10177296
-0.00845862
0.00836112
0.02850383
-0.09258009
0.09119692
-0.02780185
0.00246649
0.09523719
0.05242230
0.08860002
-0.07163557
0.05295818
-0.06835857
0.04107720
0.06329587
0.03213145
-0.00960051
-0.12543041
0.09260614
-0.00686549
0.08060645
0.06048078
0.11225271
0.04398897
-0.03881709
0.08060501
-0.04280515
0.04134039
-0.09943730
0.04219382
0.00638351
0.06330507
0.03830683
0.09483617
0.11182274
-0.07820351
-0.04069565
0.09674462
0.04265568
-0.08579662
-0.02783924
-0.06830841
-0.00994008
-0.05591309
0.02281624
0.01377068
-0.05338186
0.06679511
0.06735022
-0.00223258
-0.05033537
0.00237858
0.08252124
-0.09055969
0.03319245
0.03938237
0.00925682
0.04872949
0.06737646
0.06234504
0.07768253
-0.04140199
0.05026259
-0.03498495
-0.05185591
-0.05361631
0.05983486
0.08833199
0.02727248
-0.02942173
0.00606253
0.02539505
-0.03469016
0.00710441
0.02242178
-0.05970194
0.03987062
0.02549720
-0.06255188
-0.04100522
-0.08074730
0.05078625
-0.10364669
-0.00053298
0.03892846
-0.10644556
0.04346040
0.06512210
-0.03313982
0.05627489
-0.01308941
-0.07178447
0.06553683
-0.08762198
-0.01159321
-0.01880533
0.06952997
-0.06314156
-0.01465815
0.00571434
-0.10932390
0.06084604
-0.07534330
0.00634871
-0.05949865
0.10014278
0.07599866
-0.11731134
-0.07019780
-0.08978391
-0.10825270
0.03912799
-0.05467707
-0.11182244
0.05790425
-0.07132871
0.02195890
0.03815596
0.06765349
-0.07715300
-0.08488254
0.06153689
-0.05609287
0.06269351
-0.04552365
0.05644715
0.04705128
-0.11592142
-0.03736177
0.08588137
0.02779733
0.08690038
-0.02485144
0.07040735
0.00752787
-0.02346535
0.07051103
0.07241181
-0.10913590
0.03678045
0.02769274
0.05480111
0.06522537
0.02284449
0.02113193
-0.08522160
-0.07766876
0.06671608
-0.04980417
0.02148819
-0.07484616
-0.07667224
-0.07475905
0.06626239
-0.02892658
-0.00534486
-0.06823584
-0.05180455
-0.04714270
0.05956010
-0.08997301
-0.10406370
-0.03714548
-0.01111719
-0.02012286
0.05488675
-0.03180872
-0.04761568
0.02879214
-0.09766743
0.06175946
-0.07288866
-0.02759510
0.06536003
0.10628352
0.07040087
-0.06119996
-0.06114454
0.05569109
-0.04472850
0.03896388
-0.08283366
0.03777627
0.04349411
-0.03219726
-0.06477871
0.00426058
-0.06272481
0.08623584
0.07612789
0.00124934
-0.01039919
0.00731742
-0.01863209
-0.07131228
-0.05784922
0.05221524
-0.18236409
0.10119855
0.06604716
-0.05023711
0.07965144
-0.11619321
0.15601027
0.03001667
0.03130615
0.01001403
0.00197699
-0.23493853
-0.08281706
0.10582570
-0.26310778
-0.14670782
-0.05770966
0.08170224
-0.06646077
-0.00835113
-0.11133131
-0.16508117
-0.19710556
0.01945322
-0.04136284
0.03110004
-0.10310224
-0.02859614
-0.07542992
-0.20420828
-0.04627909
0.16525605
0.02398100
-0.10887116
-0.18552022
-0.12317227
-0.00022733
-0.01914186
-0.16827913
-0.10576741
0.12901674
0.21227680
-0.24470426
-0.07244678
0.15670039
-0.01105379
0.12688076
0.06258888
-0.15645984
-0.01571113
-0.17876510
0.12016047
0.10629094
-0.06389774
0.06158574
0.11845290
0.35267624
0.04030164
-0.19950061
-0.03249973
-0.06069065
-0.00821266
0.05645548
0.07876818
-0.03323610
-0.05754179
0.08977693
-0.05382697
-0.09883461
0.06953308
-0.01721874
0.02772421
0.06040764
0.07043963
0.00230370
-0.02303537
0.00779075
-0.03052457
0.03186223
0.03758467
0.03021534
-0.01957833
-0.06877404
0.01737043
0.01220199
0.03271063
0.01740380
-0.00725957
0.05910643
-0.03522497
-0.05841000
-0.04040920
0.05284773
-0.06065997
0.05042160
-0.04797905
0.06042155
0.04764866
0.04426851
-0.00087231
-0.02300654
0.07227682
-0.02777942
0.00999835
0.03778501
-0.06253424
-0.02064366
0.03051894
-0.04957305
0.07698639
-0.01985473
0.01857777
-0.02528557
0.03689185
-0.03242473
-0.08476127
-0.00910666
0.03386661
-0.05977526
-0.00030641
0.06573287
-0.06791177
-0.02948498
-0.03310890
0.03547219
0.05910551
-0.04599458
-0.01155257
0.06144302
0.02749347
0.00135132
0.02156235
-0.03223266
0.03409403
-0.00222124
0.02185176
0.02475323
0.01645944
-0.05687625
0.01954147
0.09238281
0.08177241
-0.05781247
0.06161574
0.02569460
-0.01451341
0.03837967
0.03713909
0.04865427
0.08860718
0.02882664
0.05938462
-0.04791173
-0.02283964
0.04426196
-0.04487851
-0.00903552
-0.02794867
-0.09171626
-0.02805032
0.00244504
-0.01905043
0.02756624
0.02426408
0.00061404
-0.04034868
-0.04606942
0.03688171
-0.10900471
0.02381833
0.03804599
0.03739250
-0.03697855
0.03638872
0.01332445
-0.07886274
0.04898047
-0.00350438
-0.09120433
-0.02995049
0.02805524
-0.02539745
0.05440447
0.03931418
-0.01167963
-0.00170580
0.02772880
-0.03573584
0.04618689
0.06805159
-0.01033110
0.01176104
0.07414686
0.01704009
0.00264857
-0.04370039
0.03337862
0.02266405
0.00629616
0.04971829
-0.00707718
-0.00804695
0.02858054
-0.06303888
0.02483971
-0.00745979
0.03759381
0.01773074
0.02389638
-0.03526198
-0.01302782
0.00305652
0.06259884
0.01719328
-0.06104197
-0.01014505
-0.07787577
0.01360284
0.03351516
-0.04050040
0.02133537
-0.03069991
-0.07286395
-0.02596992
-0.02480705
-0.05975815
-0.01280650
-0.02283969
0.04989012
-0.04431764
-0.02789998
0.07916529
0.06866177
0.02152042
0.03099008
-0.04834884
0.07196953
0.01647390
0.03914598
-0.01407305
-0.00200604
-0.01146470
0.04857799
0.05978648
-0.06869110
0.04756888
0.05354628
-0.00784563
0.03014068
0.10915973
-0.01657090
-0.00859067
0.01058695
0.00156117
-0.02626920
0.00339579
0.01833904
-0.03994225
0.03022194
-0.01888587
-0.00330571
0.00925345
0.00325838
0.02477310
0.04461872
-0.05401494
-0.05367451
-0.06951466
0.01213457
-0.05653052
0.04946307
-0.12607849
-0.09266764
-0.02795756
-0.08590519
-0.03447185
0.01241305
0.08353734
-0.02830829
-0.02666403
0.04195419
0.02684711
-0.00845768
-0.01303232
0.01842267
0.04080461
-0.03026149
0.00529175
0.01403577
-0.04221528
0.05447607
-0.02871022
-0.00680675
0.04534560
-0.04896249
-0.04395635
-0.01950914
-0.03692002
-0.00858637
0.02142192
-0.00734665
-0.01521529
0.00957604
0.03225067
0.05550382
-0.01710070
-0.00596335
0.00601189
-0.01816069
-0.02881206
-0.00029509
-0.02931605
0.06591276
0.03032030
0.00050627
0.01653098
-0.05741301
-0.00767405
0.05631073
-0.06076314
0.01676393
0.00778361
-0.05595499
-0.03514971
-0.05819560
-0.05922946
-0.01780074
-0.03522956
0.03827062
-0.05709189
-0.02320918
0.01368988
-0.00777237
0.05825990
0.03352924
-0.03053835
0.00606094
0.00592941
0.01068580
-0.06049816
-0.00362063
-0.04713400
-0.00943889
-0.06239126
-0.01841584
0.10763378
0.05883013
-0.03400204
-0.04639111
0.07658762
-0.02434892
0.01379724
-0.02282012
0.07673209
0.01021960
0.06570666
-0.01704639
0.00759427
-0.02378490
0.00814715
-0.02124038
0.00509837
-0.03639404
0.07397943
0.01488084
0.03577841
0.04972576
-0.04535834
-0.02147621
0.03672799
-0.02451225
0.00829979
0.02994802
-0.02151768
-0.01673358
-0.02367768
0.08675192
-0.07935280
0.02061094
-0.00959309
-0.03104535
0.06386272
-0.03695840
0.04248613
-0.04196088
-0.07535256
-0.01176533
0.04502966
-0.04752294
0.00570555
-0.00282009
-0.04079396
-0.07236773
-0.05488871
-0.00232198
-0.03182733
-0.07388531
0.04079614
-0.01862973
0.05042839
-0.02242096
-0.04610986
0.04696256
0.07025305
-0.01974526
0.02548934
0.00627473
-0.02098182
-0.05487922
0.08875401
-0.05115571
-0.07369493
0.03443298
-0.04357329
0.05727438
0.01884246
-0.00261689
-0.00412088
0.01046429
0.10704938
-0.01067662
0.02151255
0.05702421
-0.06362578
0.05057682
0.07090925
0.05865411
-0.04666521
-0.01747324
0.01522967
0.03715867
-0.06729470
0.00839647
0.06912506
0.11844131
0.03159952
0.01088284
-0.03888926
-0.00331715
-0.05043766
-0.01524344
0.03757294
-0.08747019
-0.00980724
0.05130454
-0.02501815
0.06054599
0.02330494
0.03107577
-0.06175792
0.04979046
-0.02974072
0.00730672
-0.05289514
-0.05628042
-0.01180168
0.05846012
-0.08495764
0.02620348
0.03997811
0.08829864
0.00048842
-0.09372939
0.04502099
0.04572526
-0.02532642
-0.01332224
0.02599017
-0.05522883
0.00674557
-0.06468187
-0.03218689
0.06370156
0.00399273
-0.03179668
0.09228200
0.00457022
0.01278713
-0.03574210
0.05547311
-0.00741762
0.03505082
-0.05586945
-0.06115439
0.02873356
0.00880732
0.04511144
-0.01696301
0.09674361
-0.04254973
-0.00457784
0.03801431
-0.02864317
0.00364967
0.06476379
0.00686346
0.00510260
-0.07489302
0.08249581
0.00640932
-0.01236353
0.02521782
-0.02485377
0.00414688
-0.08738201
0.06261682
0.02542375
0.02105317
0.00339904
0.03329299
0.02596254
0.09068630
-0.00048154
0.04383081
-0.01389816
0.07032006
-0.02277311
0.04751487
-0.06383842
-0.01201569
0.04949517
-0.04144454
0.04520680
0.04404166
0.00821879
0.03172373
-0.01333007
-0.02562301
0.06061138
0.09731004
0.03438845
0.00494999
0.01475330
0.09210889
0.02604702
0.04937334
-0.01617893
0.06348348
0.00143723
-0.03891452
0.01717315
-0.01348540
-0.01534396
0.09399732
0.05653264
0.02823301
0.00486487
0.01448730
-0.01338146
-0.04521389
-0.06241527
0.04459282
-0.03722574
-0.04918766
0.02613362
-0.03237525
0.01052486
-0.05606550
0.06187537
-0.02224906
-0.04795462
0.04714911
-0.01719763
-0.03116464
0.01024135
-0.02433423
-0.04477394
-0.01710746
-0.00752162
0.01252763
-0.06140760
