-0.00251585
-0.10201584
0.05085732
-0.04131914
0.02394755
-0.03408379
-0.04082676
0.03491209
0.01303912
-0.06933960
-0.13720086
0.04201157
-0.03819985
0.05504647
0.03700702
0.03656985
-0.04398488
-0.08222236
-0.06543496
-0.13025787
0.00914467
0.08545823
0.08363834
0.04035159
0.00115460
-0.02535209
-0.02846625
-0.08172261
0.05389268
0.01572919
0.08452319
-0.07724167
0.08314516
0.10295868
-0.09941757
0.01896873
0.03157817
-0.02175391
-0.06926643
0.06562954
0.02458885
-0.08918986
-0.05621863
0.08520911
-0.03542647
-0.07421791
0.03181040
-0.02863329
0.00765355
0.15204507
-0.03226218
-0.08197232
-0.11271615
0.03798546
-0.08768116
0.02192095
0.02072217
-0.06328784
-0.06419329
0.01599902
-0.08688309
0.04872936
0.08801785
0.00479262
-0.01157179
0.07525875
0.04037072
-0.06094222
0.04800666
-0.00518570
0.03537400
0.09338193
0.01302232
0.05510967
-0.11165679
0.02643410
0.02919548
0.00957211
0.03762393
-0.09600487
0.00855748
-0.11224926
-0.05289542
0.09316394
0.00258821
0.02362161
-0.00073172
-0.09709791
-0.08243688
0.03779245
-0.03985999
0.07118142
-0.03747085
0.10476609
-0.00410286
0.04316691
-0.06216347
0.01827613
0.00796190
-0.05583340
-0.05822254
-0.02470869
-0.01563377
0.02547816
-0.00710428
-0.04030590
0.02817963
-0.08578482
-0.03755446
0.00938329
-0.07881742
-0.00505458
0.09336288
0.01296804
0.01315812
0.06519185
0.12335674
-0.09532972
0.00317084
0.02619490
-0.03988533
0.00984310
-0.03858235
0.07277642
0.11936744
0.01458563
0.04290647
-0.06066913
-0.05818177
0.02231939
-0.03864788
0.02478324
0.08618423
-0.00318653
0.02471690
0.05685765
0.01015566
0.01062296
0.05274772
-0.00723255
0.08841845
-0.07167461
-0.01007449
-0.00554312
-0.06756813
0.03483796
-0.06377623
0.01111366
0.01393436
-0.12047128
-0.02019427
0.01721490
-0.00227994
0.02977005
-0.02949203
0.02365986
0.06305501
-0.07728881
0.04966896
-0.04095586
0.12058064
-0.05899832
-0.02659951
-0.06029634
-0.08868108
0.02594088
-0.05097318
0.01970588
-0.12890148
0.01781318
0.07348140
-0.06797343
-0.07334206
-0.09831971
-0.05840305
0.09455491
0.05728842
0.05664815
0.08792949
-0.10682205
0.02651207
-0.06285220
-0.01072798
0.01545157
0.00651238
0.01236834
-0.00826975
0.04799930
-0.08127585
0.06480832
0.02382833
-0.10514466
0.01600124
-0.06308734
0.01791705
0.00230956
-0.06490965
0.02478110
-0.03871276
-0.02706031
0.03494827
-0.04672775
-0.08891457
-0.09602015
-0.05061762
0.15270108
0.12470637
0.09155527
0.04005102
-0.04671444
-0.05931548
-0.03036821
0.07555845
0.02051710
-0.10627250
-0.06242706
-0.01717036
0.01946263
-0.10410958
0.05537326
-0.14202292
0.01542683
-0.10219850
0.10153509
-0.09808286
-0.01581065
0.07496098
-0.01421333
-0.06147455
0.05747458
-0.03143809
0.05133095
-0.04941557
-0.13317014
0.01148049
-0.01776242
-0.08339536
0.04112577
0.06841634
0.08545644
-0.15192743
0.05499785
-0.03937942
-0.02224210
-0.01839511
-0.06366200
-0.05628314
0.01423008
-0.01564678
-0.06183651
0.03042577
-0.05606706
0.02879393
0.09169134
-0.04201648
-0.10758056
0.01972179
0.06860012
-0.12252318
0.05709030
0.10984166
-0.16961631
0.06147923
0.05728555
0.00742218
0.06833458
-0.16889697
0.05628317
0.00238817
0.03154970
-0.16023645
0.04988063
-0.28629425
0.06619485
0.06302167
-0.22729915
-0.13105816
0.03684842
0.14256620
-0.07468964
-0.03767717
-0.10102234
-0.11339238
-0.22598203
-0.08161043
-0.09763875
0.01530676
0.01762253
-0.05789097
0.00598115
-0.19112355
0.05683395
0.14293621
-0.06667869
-0.14344932
-0.14551525
0.00217442
0.08661295
-0.09949619
-0.01802498
0.07074398
0.04637702
0.11753836
-0.36376464
-0.10186449
0.14650212
-0.06902282
0.03533400
0.00979301
-0.07684742
-0.11448656
-0.16073258
0.07563627
0.04244130
-0.10880928
0.02832897
0.11219933
0.37693462
0.09945216
-0.19006474
-0.01209476
-0.03853554
-0.00177551
0.05418277
0.03082015
-0.03629335
-0.06149151
0.02118646
-0.06173719
-0.00462928
0.01772486
-0.06784119
0.02060315
0.06042302
0.03091350
0.03008450
-0.08763395
0.02318458
0.04850556
-0.10450828
-0.02601605
0.08182032
0.03072905
-0.05737656
0.01795438
-0.06974818
-0.05069844
-0.03515711
0.03973594
0.05023032
0.00043150
0.00927686
0.04693202
0.04406162
-0.00706429
-0.01944807
-0.02689312
0.06770281
0.04576707
-0.00107105
-0.02750964
-0.08161957
-0.01520588
-0.07390321
-0.02861753
-0.02615427
0.01380794
0.06127918
0.03441337
-0.04216556
-0.03034160
-0.01188731
0.01254661
0.04169519
-0.07250794
-0.00939358
0.03747707
0.01220590
-0.07457761
0.02629592
0.03669988
-0.03240684
-0.00649620
0.03593421
-0.07104152
-0.06056444
0.09251251
-0.04715418
0.05485634
-0.01655832
0.02554699
-0.04167684
-0.05390276
-0.01514210
0.00780661
0.06361414
-0.02644221
0.05183188
0.03185823
0.05531166
-0.05912605
-0.07562990
-0.00968963
-0.02802882
0.03868393
-0.01011604
-0.04338231
-0.04535956
0.01840022
0.02512959
-0.01679918
0.02816521
0.04458987
-0.02265079
-0.04259727
-0.03109620
0.03190723
0.01073992
0.04491645
0.00813378
-0.03063613
-0.02712511
-0.01943585
-0.01146063
0.00569430
-0.00686009
-0.02294754
0.00123103
0.03637800
-0.02767933
-0.05149420
-0.03819104
-0.02005882
-0.01953796
0.00675349
0.01023008
0.06317459
-0.02813775
-0.02727551
0.01022642
-0.05393631
0.03324872
0.02318607
-0.05042837
0.01283372
-0.04929709
0.03522674
0.02348039
-0.00040252
-0.05259091
0.02515888
-0.00227684
0.06492198
0.04924944
0.00114381
0.01266906
0.09157930
-0.00372539
-0.02689230
-0.04850479
0.01677894
0.03508880
0.05068064
0.03337175
0.06239940
-0.00459587
-0.03818788
-0.08694492
0.05961540
0.12571540
0.02175909
-0.06173991
-0.00746854
0.01178815
0.01529406
0.04148900
-0.06688750
-0.04411441
-0.01732384
-0.07567473
-0.04872910
-0.00235720
-0.02020615
-0.00800401
0.05426073
-0.03479075
-0.00853280
0.03804290
0.00541600
0.07636342
0.01365214
0.06956805
-0.02991575
0.08082885
0.02448181
0.05394330
0.00959332
-0.01531630
0.05939953
0.03918062
0.04848525
-0.00366921
0.01747061
-0.08394951
-0.02406731
-0.04455179
0.00880519
-0.03480962
0.02189346
0.02919962
-0.03927302
0.02223266
0.03373939
0.02429202
-0.00066190
0.04676341
-0.00629288
-0.06690959
-0.02227179
0.04314856
0.00421333
0.06538732
0.06578634
-0.07865173
-0.01276040
-0.06328987
-0.07122355
-0.05694221
-0.06324797
0.04833503
0.02992794
-0.02227009
-0.03471824
-0.00513941
-0.00817691
-0.04643997
-0.00515367
0.02933193
-0.01539493
-0.02477605
-0.00734838
0.04436399
-0.01769034
-0.01317872
-0.02827724
-0.05320423
0.07198422
0.01340894
0.02011565
0.04373412
-0.02830981
0.08701012
-0.07484099
0.00683785
0.02847373
-0.07102172
-0.05992761
-0.00920635
-0.07747161
0.02068428
-0.02093424
0.01936907
-0.03854521
0.03621062
-0.03569687
-0.03119131
-0.01821188
0.01234347
-0.01685606
-0.03933398
-0.02477843
-0.04172032
-0.00764724
0.05057257
0.00898055
-0.02268984
0.03504948
0.00264820
0.00382849
0.06477250
-0.01383264
0.08347698
-0.04282762
-0.02776950
-0.02629937
0.04920534
0.06640070
0.00757721
0.01856243
-0.01543245
-0.00394127
0.02852516
-0.02972231
0.02655265
-0.07835986
0.00262566
-0.03053559
-0.03271881
-0.02673330
0.05280801
0.03829333
0.01091449
-0.02548562
-0.02935836
0.05451954
-0.05367549
-0.02017559
0.05659523
-0.04228238
0.00896351
-0.04458557
0.01099730
0.00979580
0.08767609
0.01938275
0.01395340
0.00090163
-0.04299629
0.01984662
-0.05233491
-0.00334253
-0.05746467
-0.09701437
0.00333275
0.06769267
-0.05364811
0.03594814
-0.05843734
-0.03698839
-0.01840502
0.02295164
-0.06005248
-0.00467189
-0.01001146
-0.02951003
-0.01475266
-0.02226835
0.02710331
-0.07427566
0.03241442
-0.11173709
-0.00326777
0.04986228
0.02309049
0.02091278
-0.01451040
-0.04836346
0.10383696
0.01284017
-0.04933331
0.01349775
0.02508082
-0.06023868
0.02942856
-0.00054438
0.05098821
-0.02415333
0.02402458
0.06020082
-0.02290865
0.00922306
-0.01300027
-0.09546788
0.00889875
0.07234273
0.04900263
-0.06213750
0.02669513
-0.04004030
-0.02040133
0.01869960
-0.06398907
0.00583144
-0.00287668
0.00955071
0.03237106
-0.02791629
-0.03687600
-0.05078778
0.05089117
0.01386691
-0.06546193
0.04781194
-0.02327868
-0.06024320
-0.05029964
0.05331075
0.00609738
0.02785929
-0.03733420
-0.04429352
-0.05382520
0.02236362
0.06261627
-0.02215327
0.02989912
0.02238408
0.04415003
-0.03816161
0.01926173
-0.09724680
0.00068056
-0.08885518
0.04905345
-0.06353750
-0.05701422
0.02013663
0.08837032
-0.02368461
0.09383537
-0.01383711
0.00145729
0.08246785
0.06605808
-0.03036151
0.00275182
0.07248086
-0.03577191
-0.04695092
-0.03842993
0.00860660
-0.03746833
0.01192181
-0.02710079
0.02697144
0.07872961
0.07778707
-0.07467064
0.05138944
-0.06238231
-0.06709901
0.05155826
-0.02269486
-0.01063177
0.02935285
-0.08102152
0.04113781
0.04853803
0.06824759
-0.01571575
0.05201753
-0.07009766
0.00706731
-0.05328913
-0.05033436
-0.04806587
-0.03075634
-0.02082144
-0.02429371
0.02087425
0.01010431
0.00363369
-0.08296131
-0.07811833
0.06737404
0.00522633
0.05882847
-0.00379114
-0.02077718
0.02946000
0.05053049
0.06708603
0.04770270
-0.03543333
0.03743187
-0.06516109
0.06236077
0.07266029
-0.00035084
-0.06114629
0.04006067
0.01544908
0.00333896
-0.02548919
0.03774833
-0.04196583
0.06383669
-0.02354786
0.06611945
-0.09309553
0.03519552
0.00662933
0.03534484
0.00067747
0.02630541
0.03229266
-0.00705893
0.01557789
0.04824101
0.03623917
0.00981975
-0.02267128
0.02660577
0.11284939
0.05950759
0.01332071
-0.04944965
-0.07776615
0.01473913
0.02827606
0.05276043
0.03225576
-0.06598423
-0.05062198
-0.07178554
0.01553151
-0.00588799
-0.03968712
0.01124445
0.01059802
-0.06798483
-0.02224523
-0.02250524
0.02123462
-0.01491159
-0.04315154
0.07882648
-0.02806286
0.05587254
0.06526560
0.05015796
0.02214301
0.01051107
-0.05233416
-0.06435537
-0.06814461
0.01239509
0.08869356
0.00503294
-0.04123714
0.08430317
0.03313486
