0.05428080
-0.07851714
0.01631582
-0.00607070
-0.00843666
0.03954180
0.00812990
-0.05968278
0.00080967
-0.08380810
-0.11404946
0.01474435
-0.01564383
0.11152879
0.01002588
0.01012354
-0.00565012
-0.06058813
-0.05285359
-0.15667656
0.00794367
0.06301997
0.03687172
0.04147494
-0.01735225
0.10657633
-0.04442762
-0.06520479
0.10677322
-0.05917374
0.02025241
-0.04484990
0.01389508
0.05230770
-0.08857664
0.06680707
-0.00896378
-0.04564966
-0.04632476
0.11293574
-0.03147849
0.03785327
0.01949674
0.15000769
-0.07506517
-0.11279185
0.01645737
0.01355608
-0.03328744
0.07648718
0.00654021
-0.01264931
-0.00165200
0.02320689
-0.06081279
0.08283434
0.03559912
-0.11474070
-0.02243445
0.03417816
-0.02017549
0.04803642
0.05298895
0.07010086
-0.00434508
0.04721657
0.05230977
-0.04372239
0.02452077
-0.08957610
0.00760969
0.07752496
-0.04462239
0.08675417
-0.08218480
0.04372174
0.09558802
-0.10551374
0.07885939
-0.12115502
-0.00216555
-0.11756102
-0.07008510
0.07244571
-0.03890093
0.02329525
-0.09126611
-0.03738992
-0.13776386
-0.03551310
-0.05444468
0.01242669
-0.01039449
0.05450600
-0.09512274
-0.04618508
-0.08567124
0.04854979
0.03206807
-0.00518439
0.00268003
0.06099178
-0.07310444
0.05672549
-0.03925634
-0.01974030
0.03424107
-0.10432565
-0.02774122
0.03237037
-0.02033312
-0.01726024
0.10789557
0.05912957
0.05867744
0.08974076
0.10582216
-0.10055134
-0.04418359
0.04108288
-0.02430584
0.01990253
-0.11328147
0.05432199
0.09757122
0.08294734
0.01458688
-0.07032330
-0.01228733
0.02684844
-0.04306510
-0.00288541
0.10226323
-0.09238066
0.01082028
0.00798767
-0.03979808
0.01764323
0.07880175
0.02764744
0.05268995
-0.11349200
-0.00095230
0.00250263
-0.03553338
0.02094326
-0.12416447
0.06845941
0.02512916
-0.10576592
-0.09613294
0.08136936
0.02415939
0.00244318
0.01774116
0.02204522
0.09944236
-0.06608510
0.01280244
-0.09518897
0.02694717
-0.03554253
-0.02208585
-0.05993488
-0.05206949
-0.02808874
-0.09445841
0.02348242
-0.10865169
-0.04079054
0.01470613
-0.02005627
-0.09885997
-0.08143663
-0.02661367
0.09520352
0.02083963
0.01474351
0.10090347
-0.06903386
0.02031482
0.00790076
-0.00376763
0.01569919
0.00590047
0.02335177
0.00666611
0.05991616
-0.11353292
0.10846911
0.02647191
-0.14708446
0.05842925
-0.11071198
-0.00230210
0.01257529
-0.05373903
0.08997786
-0.06437699
-0.01326784
0.02842786
-0.00117279
-0.03534725
-0.08253012
-0.09121209
0.08180495
0.06067584
0.01518634
0.00518135
-0.02540991
-0.00525569
-0.00842649
0.04401289
-0.04283679
-0.07763127
-0.00635387
0.01076072
0.03294237
-0.02657273
0.06493585
-0.09116807
0.07916091
-0.02611309
0.00837725
-0.10541330
0.00063296
0.04274309
-0.01349949
-0.05158922
0.01216224
-0.01284431
0.09274388
-0.05015182
-0.10714240
0.01129730
0.01926597
-0.08874834
-0.01532399
0.08353747
0.02149050
-0.10318561
0.07476013
-0.06163159
-0.05736381
-0.02869686
0.01238887
-0.00501006
0.08136716
0.00179584
0.02248742
0.11031826
-0.08771645
-0.00088254
0.09366682
-0.07741084
-0.11969880
-0.02970657
-0.01914728
-0.08371329
0.04954519
0.10060690
-0.15613775
0.03728916
0.07546770
0.03172469
0.05136552
-0.11824212
0.07280254
0.00714199
0.03281802
-0.08220494
0.06472054
-0.25792867
0.03874519
0.06971698
-0.25379044
-0.12710644
0.01175946
0.13543604
-0.07144793
-0.02735449
-0.12364861
-0.17163050
-0.25837499
-0.02233909
-0.07373487
-0.00890853
0.01324186
0.01450133
-0.00138465
-0.20145963
-0.03234765
0.14272532
-0.04275527
-0.09305650
-0.20680389
-0.07629340
0.06980150
-0.08360098
-0.08993774
-0.01295898
0.10610225
0.17380923
-0.33132276
-0.05119444
0.18559813
-0.04940600
0.08765169
-0.01779218
-0.13946767
-0.09132694
-0.17368941
0.08217347
0.06829429
-0.10514534
0.03546022
0.11450792
0.36860019
0.09991468
-0.19080929
-0.00098892
-0.04751411
0.01439073
0.03402561
0.03289551
-0.02182080
-0.06865449
0.02787397
-0.03917977
-0.00455857
0.02146689
-0.04648636
0.02612363
0.03665239
0.02149244
0.04212357
-0.06490601
0.04005999
0.01636410
-0.10793844
-0.01032693
0.07640120
0.05737729
-0.06765876
0.02457615
-0.07365426
-0.05992052
-0.04228658
0.03700472
0.03545401
-0.01385815
-0.00842923
0.03212821
0.04614751
-0.03353471
0.00890686
-0.04470894
0.09260051
0.03135201
0.00048643
-0.04704854
-0.06827156
0.00947236
-0.05754885
-0.01775546
-0.03767208
-0.00637317
0.05710590
0.03145826
-0.04467812
-0.02695321
-0.01569477
-0.00151113
0.02131578
-0.04500367
-0.00069126
0.00064040
0.04559105
-0.07143774
0.01919926
0.04353683
-0.02388681
-0.01014746
0.03964960
-0.05689858
-0.02876919
0.09886459
-0.05686678
0.06565288
-0.00978377
0.02223397
-0.01035310
-0.03971707
-0.03118577
-0.01269745
0.06731579
-0.00474032
0.04672769
0.01609128
0.08762856
-0.04800984
-0.07218686
-0.00161350
-0.02691740
0.05269556
-0.02954357
-0.01869343
-0.03159162
0.01182069
0.03315314
-0.00452145
0.05505740
0.07655285
-0.03730037
-0.03121937
-0.05874185
0.02684930
-0.00695419
0.07296935
-0.02557154
-0.04649579
-0.05488853
0.00017822
-0.00180985
0.01155852
-0.00966242
-0.00845950
-0.01785813
0.04664244
-0.03561805
-0.04750553
-0.02067011
-0.03868503
-0.01984421
0.01513627
0.01878545
0.05824265
-0.03584565
-0.03446783
0.01047880
-0.05291034
0.01396206
0.01921385
-0.02379668
0.00312212
-0.03727274
0.03249081
0.01303307
0.00005268
-0.06820081
0.02217912
0.00922698
0.04968558
0.04224101
-0.01160458
-0.01492485
0.09244680
0.00302233
-0.02055477
-0.05693382
0.01657696
0.01678210
0.02956906
-0.00026927
0.01785415
0.04068772
-0.03136561
-0.06597174
0.03718257
0.13506427
0.01058090
-0.03720519
0.00503849
0.02149980
0.02345675
0.01997789
-0.07040393
-0.04201967
-0.02101965
-0.03797977
-0.03858915
0.02110371
-0.01977145
-0.01994534
0.05824864
-0.04939115
-0.02343775
0.00631289
0.01399740
0.07317252
0.01783203
0.03495864
0.00193671
0.05849550
0.03156512
0.07576828
0.00680179
-0.01041508
0.03671341
0.03194945
0.01115230
0.01632092
0.02826024
-0.08977346
-0.02335230
-0.03315614
0.05491037
-0.01905629
0.04264797
0.02687368
-0.03756934
0.00186902
0.02921367
0.02229205
-0.00008704
0.02600527
-0.03784006
-0.05899163
-0.01208374
0.01987872
0.00383225
0.04757403
0.07315868
-0.06499664
0.00632883
-0.04457670
-0.07015369
-0.06885742
-0.07070669
0.07342602
0.01054884
-0.01720047
-0.01630429
0.00007229
-0.04754078
-0.05792969
0.00645054
0.02008891
-0.03564168
-0.03680309
-0.00339305
0.02128986
-0.00520934
-0.00799583
-0.01725690
-0.02412125
0.08232107
0.00947386
0.01153037
0.05445845
-0.02067243
0.08109366
-0.09315000
-0.02044688
0.01779929
-0.08479302
-0.05680565
-0.03201567
-0.05218619
0.01242030
-0.02025861
0.03090992
-0.05687341
0.04146755
-0.04117092
-0.01910038
-0.01298030
0.04476712
-0.03156602
-0.00377601
-0.03994466
-0.05646750
-0.00589781
0.02406276
0.00461955
-0.03271908
-0.00466160
-0.03570648
0.01108344
0.03576703
-0.03311529
0.09892740
-0.01562646
-0.00063557
-0.00806658
0.03678709
0.02344483
0.02888417
-0.00149041
0.00532908
0.00871234
0.04705739
-0.02514495
0.05063672
-0.08410344
-0.00313896
-0.01676575
-0.05395093
-0.04011872
0.06513678
0.01993671
-0.01083010
-0.03186408
-0.05405510
0.05521071
-0.04955117
-0.00816246
0.06824877
-0.03916271
-0.02141379
-0.06014016
0.00343971
0.02705796
0.08902768
0.03935684
-0.00687988
-0.00860838
-0.03123099
0.00911794
-0.04232534
0.00281031
-0.04311311
-0.08144726
-0.03985744
0.07258376
-0.03825870
0.04381528
-0.04858693
-0.04924685
-0.03987579
0.05957502
-0.05750637
0.01899713
-0.01563651
-0.00174505
-0.02305465
-0.02046292
0.06213158
-0.08129841
-0.00153168
-0.12609129
0.00375946
0.03220133
0.00209496
0.01673017
-0.00870208
-0.05468670
0.09686331
0.01602619
-0.03591179
-0.00693056
0.04532243
-0.07827510
0.02426003
0.01883820
0.05608106
-0.04803235
0.03258327
0.06581651
-0.02287341
0.03149131
-0.01904467
-0.07979823
0.01937903
0.08180285
0.02640417
-0.07546589
0.02388211
-0.04545439
-0.00544959
0.01828971
-0.06953158
0.00259997
-0.02924348
-0.00934375
0.02879333
0.00938330
-0.03440064
-0.04293867
0.04956198
0.00194626
-0.07377093
0.05295736
-0.00510865
-0.08700319
-0.05952157
0.06296283
0.00108436
0.03018704
-0.04917873
-0.01432952
-0.04492161
0.02261588
0.05615288
0.01177583
0.04165091
0.00812143
0.01003721
-0.05585241
0.01339051
-0.09881464
0.00469526
-0.06975517
0.02155872
-0.06454750
-0.04306576
0.05269125
0.07248846
-0.02326178
0.08208241
-0.03616081
-0.00370289
0.06837328
0.10483970
-0.02485661
-0.00100962
0.04934850
-0.02758485
-0.02573056
-0.05886370
0.02106851
-0.03733755
0.03147651
-0.02475123
0.02974907
0.06904711
0.08424231
-0.07450807
0.02740953
-0.07489745
-0.03732624
0.06924473
0.00081410
0.01692731
-0.00539563
-0.05344121
0.03628902
0.06056044
0.07875650
-0.03105166
0.06267700
-0.07713506
0.02286211
-0.06443338
-0.06516853
-0.03407330
-0.03005806
-0.04269623
0.00640233
0.04494509
0.02448068
0.00767921
-0.06574433
-0.04518532
0.09777286
0.00790268
0.07517302
-0.02201839
-0.04996730
0.05522777
0.05044659
0.03540301
0.05767082
-0.01437644
0.06366320
-0.03610699
0.03872639
0.05538401
0.02755848
-0.04800453
0.02688412
0.00948339
-0.01080943
-0.03701051
0.04873686
-0.02147632
0.05600996
-0.01290505
0.08395671
-0.10113893
0.02861919
0.04332701
0.03085497
-0.01919114
0.04198395
0.00281593
-0.01022628
0.03359972
0.06262790
0.03389721
0.03655627
0.01109802
0.00960871
0.11125487
0.06578815
0.01359009
-0.03792084
-0.08780403
0.01163991
0.03587292
0.05017415
0.04341817
-0.06663307
-0.05854553
-0.07689936
0.00160872
-0.01806306
-0.05745248
0.00941955
0.02331819
-0.04317070
-0.01403078
-0.04279912
0.01230444
-0.03024189
-0.04531535
0.06970801
0.02124283
0.04735830
0.06300213
0.02792192
0.03273713
0.01356386
-0.07148498
-0.08214154
-0.04590997
0.00607637
0.07519695
0.03059896
-0.04049693
0.06961231
0.01198734
