0.04102068
-0.09324177
0.05126989
-0.06860124
0.00712868
0.01915301
-0.00012005
-0.01710457
0.00417870
-0.07049043
-0.10793414
0.07695198
-0.06509445
0.06741217
0.04111993
0.03044565
-0.07632940
-0.08510057
-0.04401274
-0.17923166
-0.01301999
0.08797178
0.04427657
0.10084991
0.00781833
0.05250222
0.02410694
-0.05455150
0.01176959
0.00843403
0.04030498
0.00649708
0.12880740
0.05078359
-0.11368981
0.05965776
0.03565868
-0.08231478
-0.05375872
0.10159054
-0.00127653
0.00193507
0.02527623
0.10018950
-0.03525398
-0.07005080
0.03325358
0.03694304
-0.00885712
0.07527930
-0.04511462
-0.00887382
-0.03194042
0.01427187
-0.08960027
0.04066447
0.01966784
-0.09471026
0.03861081
0.09679977
-0.02480661
0.03513089
0.01407361
-0.04436144
-0.03709127
0.04104322
0.01648714
-0.03264980
0.09149497
-0.01960872
0.07320426
0.05758596
0.01561346
0.03094982
-0.05859744
0.06393919
0.01005020
-0.00589695
0.04054537
-0.10247140
-0.07089660
-0.10916243
-0.02335246
0.05048262
0.03397591
-0.00932149
0.03770922
-0.02163332
-0.14929374
0.07138649
-0.03983660
0.04194782
-0.06233812
0.07869754
-0.03491632
0.02950517
-0.04113405
0.04047888
0.04411874
-0.00976351
0.00877574
0.00804659
-0.05669286
0.00339779
-0.04196374
-0.03948750
-0.02535552
-0.06156669
0.01774025
0.07139762
-0.07458235
-0.00530504
0.09239929
-0.01642587
-0.04680775
0.07257956
0.14297622
-0.08475315
-0.08157853
0.07302938
-0.06627825
0.08485821
-0.03006079
0.05813019
0.11033315
-0.02668819
0.07047187
-0.04451925
0.02971177
0.04109807
0.01822831
0.07947408
0.15434054
-0.06400543
0.01146778
0.01781742
-0.04538211
-0.03734791
0.05120654
0.02532245
0.01854986
-0.03175706
0.02604013
0.00149594
-0.01517773
0.04145654
-0.07844602
0.00254544
0.00903556
-0.12151484
-0.05117763
0.09955589
-0.00090493
0.01627154
0.05582522
0.02192869
0.06692421
-0.02880729
-0.00252229
-0.01375718
0.09103990
0.01479666
-0.05599449
-0.03205517
-0.05653159
-0.02240259
-0.08124260
0.02498631
-0.10835174
0.01653353
0.00591789
-0.08098221
-0.10501599
-0.04129368
-0.07997727
0.07098947
0.02739501
0.04366593
0.11869377
-0.11500686
0.02039602
0.00380189
0.02017040
0.05120174
0.01125458
-0.00190489
0.03681564
-0.02187915
-0.07179882
0.07392446
0.01837949
-0.18238457
0.06048663
-0.10127870
0.01223290
-0.03190184
-0.11485306
0.07783619
-0.02514754
0.01111590
0.04216104
-0.01553529
-0.08218767
-0.10526825
-0.09843561
0.09796572
0.09169241
0.00369163
0.01351575
-0.03246928
-0.06050059
-0.01223965
0.05058644
0.01962380
-0.09307925
-0.04136744
0.02019161
0.07042814
-0.03276552
0.09161843
-0.06343558
-0.01062819
-0.01320688
0.06811903
-0.10098606
-0.02083977
0.05654024
0.00649825
-0.01270071
0.08390353
-0.06597010
0.06003530
-0.03280095
-0.17987180
-0.00796011
0.00796361
-0.11290699
-0.01559417
0.04520170
0.05645155
-0.10709042
0.09668734
-0.08395085
0.01189625
-0.02380632
-0.00538306
-0.08295373
0.03329897
-0.05651090
-0.00675063
0.03699290
-0.05705044
0.07796783
0.07587904
-0.09195261
-0.13215251
0.04945633
0.09488718
-0.11457030
-0.06846744
0.18351278
-0.13910224
0.06553259
0.08403589
0.11576292
0.04435258
-0.20539287
-0.05052603
0.09288396
0.12580280
-0.16729142
-0.02188839
-0.25978523
0.07946064
0.01407239
-0.17166191
-0.16879863
0.04803900
0.14886385
-0.02446062
0.05448560
-0.16758803
-0.14815661
-0.11934979
-0.11037850
-0.02035062
-0.02458050
0.04803201
-0.16243877
-0.06131755
-0.23948704
0.05864405
0.13269295
-0.01107246
-0.08293442
-0.10830764
0.00297009
0.04464582
-0.09404575
-0.04500810
0.05050878
0.04685157
0.14920662
-0.34710905
-0.07554211
0.13483630
-0.08602594
0.03234616
0.01920725
0.02488137
-0.10220778
-0.11358405
0.11384697
-0.02622790
-0.11869366
-0.08447174
-0.00029202
0.41290858
0.00446439
-0.06197557
-0.01252942
-0.04314534
0.01666937
0.02381997
0.00084978
-0.00242104
-0.07350387
0.02192410
-0.04421536
-0.02493872
0.03685929
-0.03289095
0.06547738
0.06741156
0.04653297
0.05447108
-0.05751289
0.05831461
0.01897246
-0.11217984
-0.00700821
0.08896776
0.04363196
-0.05835849
0.01934965
-0.04047573
-0.05771613
-0.00573722
0.02705438
0.05206389
-0.02695961
-0.01824379
0.01828862
0.05173726
-0.01858317
0.00699048
-0.05393101
0.08825486
0.05697844
0.00744028
-0.05499118
-0.05574347
0.00284142
-0.06796763
-0.01190153
-0.04119796
0.00331095
0.05975355
0.01965202
-0.02379791
-0.01305340
0.00137250
0.00775545
0.01731223
-0.07522875
0.01306168
0.00713517
0.02380986
-0.07013405
0.01310920
0.05741535
-0.02615252
0.01021870
0.05923701
-0.05512445
-0.04423661
0.10040268
-0.02726287
0.03242955
-0.01504444
0.03707974
-0.00637258
-0.05612345
-0.03430737
0.00063152
0.05576132
0.00330744
0.04458039
0.01228426
0.08187237
-0.07834107
-0.04841348
0.00175026
-0.05276646
0.05554097
-0.02899724
-0.03188126
-0.03257550
0.02897546
0.06225668
0.00817946
0.01299507
0.06068208
-0.02600551
-0.04700557
-0.02861789
0.00058755
0.01046735
0.06799542
-0.03433425
-0.07499058
-0.03825359
-0.01828708
-0.01562759
0.01906840
-0.01763083
-0.01060070
-0.01175813
0.06635841
-0.04039673
-0.03060069
-0.02467182
-0.03212347
-0.00937646
0.00577263
0.03166503
0.04122077
-0.02089361
-0.01435243
0.01755861
-0.03558949
0.02938336
0.02480452
-0.01231669
-0.00997388
-0.06075180
0.04483451
0.03857102
-0.02160983
-0.07398453
0.05447380
0.02118422
0.02839979
0.04351053
0.00453828
0.00903859
0.05823310
-0.00599906
-0.04445443
-0.04401667
-0.01076766
0.01302357
0.03813505
0.01151680
0.01990883
0.02209669
-0.03386760
-0.05436341
0.00345024
0.13483632
0.01286652
-0.06917988
0.01312307
0.02489613
0.01383618
0.03259255
-0.05751267
-0.07111336
-0.00311839
-0.04473706
-0.03398438
0.00443119
-0.03618026
-0.01845945
0.05537580
-0.04539575
-0.02585895
0.00434077
-0.00502215
0.06145813
-0.00725343
0.04124401
-0.00223859
0.04604995
0.03955589
0.07015084
-0.00973004
-0.00001089
0.03829075
0.01277189
0.02511873
0.04290905
0.02822697
-0.06051797
-0.02147474
-0.07443565
0.02835611
-0.01764636
0.03493008
0.04493009
-0.00331233
0.00798948
0.02273698
0.03360478
0.01001901
0.00821437
-0.02078922
-0.05438776
0.00247277
0.03285481
-0.01952420
0.05344625
0.07871667
-0.04777170
-0.00672375
-0.03479785
-0.05666532
-0.07364001
-0.05005871
0.05809562
0.01827583
-0.02342557
-0.07572838
-0.00988874
-0.03774292
-0.03766432
-0.00095465
0.02208317
-0.01483683
-0.04273866
-0.01904578
0.03535406
-0.00095532
-0.03927343
0.00293415
-0.02156147
0.09396184
0.01943262
0.01199102
0.04950032
-0.00754309
0.06988015
-0.08387727
-0.00382868
-0.00083682
-0.08643465
-0.07067063
-0.03754650
-0.04763906
0.03591324
-0.01784894
0.00741203
-0.03510509
0.04867566
-0.03396013
-0.01326751
-0.03331581
0.01944155
-0.03731435
-0.03450989
-0.03563364
-0.04502886
-0.00397849
0.01648418
0.01319503
-0.04019321
0.01684987
-0.00646388
0.03757606
0.05458394
-0.01354730
0.11283378
-0.00244673
-0.01707353
-0.01065901
0.02397465
0.03529764
0.03315041
0.01286455
-0.02087610
0.01342912
0.04728370
-0.04098112
0.02899500
-0.07825810
-0.00197543
-0.02687995
-0.03709748
-0.05828557
0.04382765
0.00222936
0.02183816
-0.04591460
-0.04985406
0.04759054
-0.07471032
-0.01362482
0.05983465
-0.03309099
-0.03012863
-0.07627903
0.02093737
0.01816607
0.07959629
0.00571966
-0.01880921
0.01001062
-0.02332735
0.00997238
-0.02368605
0.02314129
-0.04238493
-0.09504721
0.00490237
0.08207641
-0.04520837
0.08582984
-0.00985994
-0.02041095
-0.02292084
0.04071532
-0.05558497
-0.01470206
-0.00209377
-0.00375613
-0.03873959
-0.01143017
0.06814325
-0.06051946
0.00542839
-0.14194040
0.02493587
0.05346245
0.01306067
0.00933878
-0.01437378
-0.05555016
0.11237849
0.02310298
-0.05253993
0.00771250
0.03866211
-0.04430280
0.01031995
0.01996926
0.06985778
-0.03907752
0.01724965
0.04662989
-0.01293105
0.01243632
-0.03412403
-0.10798205
0.02299645
0.07003272
0.01946376
-0.06738438
0.02558148
-0.03593842
-0.03973919
0.02327163
-0.05796662
-0.00712577
-0.02636226
-0.00338783
0.05403455
-0.01290537
-0.03172415
-0.03622770
0.02438831
0.00800800
-0.08323269
0.05041112
-0.01089545
-0.08403131
-0.05256016
0.05660738
0.01639601
0.03735599
-0.04010344
-0.02792902
-0.05237963
0.01536461
0.02003240
0.00047684
0.02848266
-0.00610269
0.01134220
-0.04316929
0.02854285
-0.08550477
-0.00342970
-0.07277018
-0.00016490
-0.07736922
-0.01809270
0.05198709
0.08468113
-0.00520849
0.09790289
-0.02718213
0.01998214
0.05710259
0.09145197
-0.04938105
0.00688776
0.03943178
-0.04542943
-0.04512512
-0.03595933
0.00066557
-0.01796959
0.04141861
-0.04016337
0.04225170
0.05899332
0.05258138
-0.07695921
0.01918812
-0.04773649
-0.04206419
0.05968453
0.02032793
0.02840121
0.00404786
-0.07842652
0.05275004
0.06187272
0.07513494
-0.01741393
0.05487556
-0.09157223
-0.00006849
-0.06641930
-0.05152331
-0.01910726
-0.02757116
-0.01877648
-0.03048982
0.04243252
0.02458126
0.01851492
-0.08553651
-0.05725534
0.06712779
-0.00666529
0.06110696
-0.00844994
-0.06177479
0.05517847
0.06036205
0.04639344
0.03992262
-0.01390436
0.06458822
-0.03083406
0.05362346
0.08174264
0.02087488
-0.06855821
0.01065501
0.01044280
0.00871000
-0.01406619
0.06570783
-0.03407424
0.05989746
-0.04004661
0.07260709
-0.08402954
0.01925682
0.03782526
0.02311024
0.00512033
0.04529546
0.02359896
-0.00709888
0.01948677
0.05202380
0.03176030
0.04899421
-0.01667158
0.04094867
0.08739217
0.07684875
0.00375564
-0.05156881
-0.09187914
0.00192116
0.07336839
0.03102520
0.01634521
-0.04250140
-0.06023126
-0.10902739
-0.00902322
0.00572193
-0.04636171
0.01093819
0.00914505
-0.05862279
-0.01161719
-0.02660543
0.00529271
-0.02198870
-0.05626685
0.05963554
0.00372980
0.03343116
0.08121413
0.03775509
0.03296774
0.01090259
-0.06067451
-0.07093976
-0.04657675
-0.00402370
0.09248362
0.02344748
-0.00468975
0.08147076
0.02470952
