0.00526868
-0.05592468
0.04898283
-0.02034104
-0.00260077
0.05876832
0.05297970
-0.07089931
0.06707162
-0.03814203
-0.14676450
-0.00291009
-0.00714925
0.04304764
-0.00764520
-0.01217536
-0.08630017
-0.08446815
0.03604235
-0.14344440
-0.01758712
0.04586003
0.04397715
0.02294709
-0.03069527
0.01267001
0.01171735
-0.06351589
-0.01650700
-0.00065391
0.02610329
-0.04280124
0.10963176
-0.00299724
-0.09300743
0.04614472
0.02034294
-0.06418367
-0.05452099
0.06393543
-0.01315538
0.01450737
0.02833713
0.12855139
0.00796945
-0.07315125
-0.03688405
0.06790669
0.05601796
0.04798641
0.01826317
0.00928697
-0.00191238
-0.05347559
-0.08307704
0.00641920
-0.00841712
-0.10201278
-0.00261955
0.11102348
-0.04933360
0.07591858
0.06915349
-0.00069332
-0.04019338
0.01325409
0.07222046
0.00218855
0.10519493
-0.01953678
0.01026001
0.01224596
0.00210620
0.00670785
-0.07185034
0.08153842
0.04143631
-0.08113176
0.04507564
-0.04385878
-0.05611084
-0.11338290
-0.04808112
0.07474477
-0.01164115
-0.03308163
-0.00894077
0.00014135
-0.07902140
0.01523512
-0.04162299
0.02871274
-0.04997630
0.11657431
0.02155741
0.00310194
-0.08003175
0.05733042
-0.02041914
0.06673855
0.01389891
0.02881975
-0.02855107
0.00211142
-0.11217865
-0.01551571
-0.04882756
-0.13595526
-0.03520827
0.00657405
-0.08221612
0.01887906
0.06993037
-0.02051908
-0.03330095
0.09541051
0.11226566
-0.15080762
-0.06834392
0.08977728
-0.05323175
0.08524521
-0.04756388
0.00381207
0.08796169
-0.00066353
0.07489705
-0.01268801
0.00329111
0.04636537
0.00078605
0.06408407
0.13447261
-0.09694345
0.02242625
-0.02282687
-0.01553970
0.02047510
0.09101468
0.01942217
0.04039839
-0.06288109
-0.02332820
-0.00693268
-0.04870850
-0.00221722
-0.04214848
0.12018105
-0.00110216
-0.09257559
-0.03176832
0.10003103
0.01072895
0.02846763
0.07927507
0.06898016
0.04188056
-0.01982664
-0.04443563
-0.10963718
0.06500417
0.04167253
-0.08378823
-0.04546477
-0.09967633
-0.10791948
-0.04141175
0.01909103
-0.10552097
-0.02482658
-0.01476137
-0.04967442
-0.09213174
-0.01486550
0.02175647
0.08769964
-0.01187662
0.10448246
0.07946640
-0.12930821
0.05013645
-0.04173451
-0.04691106
0.09767764
0.02714650
-0.00724369
-0.01279001
-0.01711378
-0.09064725
0.10592441
0.02630689
-0.17240098
0.07827557
-0.10172744
0.01403443
-0.03340645
-0.05682480
0.06924171
-0.09026752
0.00901494
0.04403530
-0.04384310
-0.05515831
-0.06912135
-0.05899634
0.14085430
0.10804153
0.01536547
0.01690233
0.00975293
-0.00934085
-0.05619661
0.00734779
-0.07908520
-0.03369391
-0.05402808
-0.00221483
0.04812126
-0.05722661
0.04599130
-0.11669059
0.01537590
-0.02175700
0.03628745
-0.08667899
0.00767156
0.03539728
0.05675061
0.01538146
0.03355588
0.00905558
0.12374118
-0.05484338
-0.11569560
-0.03603887
-0.02022946
-0.08828530
-0.01970255
0.00484952
0.07817397
-0.10889828
0.09402961
-0.07606187
-0.02592603
-0.05874195
-0.00252656
-0.07271777
0.08134719
-0.02429501
0.05303763
0.09474837
-0.05166281
0.01994080
0.08150788
-0.10920000
-0.05768558
-0.05567971
-0.00547976
-0.14738597
0.09265738
0.03210879
-0.11441473
0.02186536
-0.06048426
0.08117957
0.10628179
-0.10577092
0.13682885
-0.11649901
0.05575681
-0.05100525
0.10288181
-0.25145712
-0.02136225
-0.06283712
-0.25239378
-0.10529712
0.00075892
0.22314829
-0.02863159
0.01049940
-0.09539427
-0.14620759
-0.22114763
0.03784691
-0.13444047
-0.06637944
0.00954522
0.08336605
0.07227577
-0.06886954
-0.06189081
0.06489068
-0.04635442
-0.15128233
-0.21603924
-0.07846455
0.01793375
-0.11438070
0.00204436
0.05420377
0.19028468
0.18864505
-0.27646720
0.03047717
0.14092086
-0.06450601
0.02250452
0.08299541
-0.13934197
-0.06580576
-0.18563604
0.02525515
0.04020037
-0.19437772
0.08752474
0.08378200
0.31253716
0.09820826
-0.23262054
-0.03818171
-0.02859530
0.02400379
0.02546904
-0.02028421
-0.00759483
-0.06858072
0.02891130
-0.03043378
-0.01490323
0.04551063
-0.06174499
0.04274072
0.04753559
0.02063232
0.06023073
-0.04639734
0.05743497
0.02611506
-0.10301717
-0.01716602
0.06810708
0.04475470
-0.07021723
0.04632414
-0.04887017
-0.05501991
-0.00604959
0.02602316
0.03582691
-0.02048831
-0.01245475
0.03331873
0.04793029
-0.00385394
-0.01635878
-0.02793904
0.07925091
0.02134370
0.00942955
-0.03955504
-0.07197601
-0.02176341
-0.06597862
-0.02180067
-0.01928240
-0.00971433
0.04801890
0.04210339
-0.05002996
-0.02609794
-0.01460865
0.00331837
0.02543869
-0.03712289
-0.02492496
0.01321210
-0.00315508
-0.03705076
-0.00558085
0.04268036
-0.04855224
0.02778390
0.05451524
-0.04915152
-0.04294440
0.10511824
-0.02928717
0.04698145
-0.03878967
0.03452077
-0.00963947
-0.03161362
-0.03364675
0.01228439
0.06041144
0.00821572
0.06393895
0.02520783
0.06645656
-0.08324100
-0.05808413
0.01548239
-0.01944927
0.04092216
-0.03210012
-0.05415168
-0.04900561
0.00121274
0.06170671
-0.00329318
0.02818752
0.06872091
-0.04513038
-0.03999077
-0.03512951
0.00934211
0.00995817
0.05317710
-0.00220280
-0.07090925
-0.01605772
-0.03763808
-0.01009504
-0.00522866
-0.01456967
-0.01683883
-0.03849642
0.05196850
-0.03585326
-0.03975480
-0.04930698
-0.02363609
-0.00192667
-0.01881016
0.00055742
0.06334236
-0.00400618
-0.04525764
0.01715577
-0.04145438
0.00516132
0.02531525
0.00969183
-0.01306040
-0.04957754
0.05890255
-0.00104586
-0.01825840
-0.06256340
0.05174070
0.02084714
0.05137324
0.02804664
0.03305958
-0.00132773
0.09128992
-0.00747974
-0.01855919
-0.06346648
-0.00541794
0.01253062
0.03922705
0.01191724
0.01555375
0.01872338
-0.02523371
-0.03795948
0.01717283
0.13186182
0.00826249
-0.07297021
0.01164905
0.02954417
0.04372586
0.02287488
-0.05353769
-0.07376254
-0.00832527
-0.04298441
-0.02716636
-0.00187982
-0.04092414
-0.01236840
0.04210988
-0.03248317
0.01814228
0.01717672
-0.03020475
0.05258066
-0.00370307
0.06165713
-0.01124581
0.04467421
0.04112678
0.04332973
0.01739484
-0.01602097
0.01918187
0.02789870
0.02993704
0.03131222
0.03164440
-0.08437903
-0.03521260
-0.09192859
0.00776859
-0.02285702
0.03695874
0.03703866
-0.04256327
0.00742299
0.01040727
0.03897907
-0.00247653
0.00999374
-0.00629137
-0.01139659
0.00424443
0.01213845
-0.01706969
0.04063568
0.05905438
-0.06309802
-0.01219415
-0.05087629
-0.06045847
-0.07446045
-0.05612063
0.08961992
0.03708381
-0.02164431
-0.06758928
0.01221966
-0.04107495
-0.03035452
-0.00835229
0.01334959
-0.01846247
-0.02282674
-0.04802717
0.03049971
-0.01050088
-0.05097625
0.01405757
-0.03133339
0.09310317
0.01728805
0.00721212
0.02716170
-0.02567017
0.03796782
-0.07493067
0.00154666
-0.00502058
-0.07630044
-0.07015283
-0.02030225
-0.05500269
0.00883594
-0.00430541
0.03038362
-0.02466193
0.03021074
-0.03805096
-0.00503960
-0.04674675
0.02043232
-0.02789425
-0.00471839
-0.03576635
-0.04795471
-0.01675523
0.00869042
-0.00141087
-0.02521752
0.01410477
-0.01459139
0.02169058
0.06351952
-0.03977702
0.09839045
0.01204733
0.00362484
-0.03978975
0.02800853
0.07492128
-0.01119454
0.01692171
-0.01649748
0.01445999
0.03474089
-0.03365854
0.01835941
-0.10494127
-0.00120175
-0.04408049
-0.03432691
-0.03470228
0.04383438
0.00994103
0.04159659
-0.03074914
-0.03920553
0.03906115
-0.07469825
-0.00407299
0.03781411
-0.04890835
-0.02514248
-0.08657679
0.02927672
0.01124338
0.08343876
0.01611890
-0.02516090
-0.00944887
-0.03715064
-0.00075223
-0.04258234
-0.00874213
-0.05288201
-0.09806284
-0.00848071
0.05636738
-0.03412111
0.05051915
-0.00910137
-0.03022531
-0.02199473
0.03772269
-0.06448658
0.00487431
-0.01136798
0.01926654
-0.04973443
-0.04087163
0.04623436
-0.04795192
0.00833253
-0.13126442
0.02989000
0.04292711
0.01894664
0.01882605
-0.01601994
-0.04732177
0.10437114
0.02189372
-0.06046228
0.02037387
0.02229218
-0.04170693
0.04052076
0.01246526
0.04912031
-0.02624023
0.03295397
0.05892053
-0.04167060
0.00493217
-0.03419203
-0.12024684
0.00538999
0.07367384
0.03383723
-0.03908511
0.04664660
-0.01770747
-0.01396068
0.00888002
-0.03851781
0.00858434
-0.03756795
0.01409651
0.02794229
-0.00805607
-0.05912163
-0.02106381
0.02980619
0.03727746
-0.07739902
0.04637550
-0.01843197
-0.07997459
-0.07165098
0.03759604
-0.00980690
0.05368694
-0.03930160
-0.00982607
-0.04746491
0.01293870
0.04830236
-0.02241166
0.03846210
-0.00958193
0.00055781
-0.05140543
0.02609160
-0.06373187
-0.00613218
-0.09561345
0.02020785
-0.06894992
-0.06838584
0.06541771
0.06069406
-0.00124433
0.10856126
-0.01661810
-0.00238450
0.07333516
0.07602008
-0.01566357
-0.00247241
0.06349069
-0.06299822
-0.02532633
-0.05123669
0.00669987
-0.05064397
0.04620422
-0.02985197
0.04846730
0.06535756
0.04915755
-0.10642331
0.01169783
-0.04461535
-0.05918569
0.06151953
0.03739889
0.01299535
0.02073881
-0.08488712
0.02852693
0.05920133
0.06890047
-0.00999532
0.02478287
-0.10411136
0.01005243
-0.05906107
-0.05296993
0.00286281
-0.03078315
-0.00295727
-0.05008234
0.02874959
0.01857281
0.01346998
-0.08673206
-0.06396286
0.08277518
-0.01649691
0.06870755
-0.02128800
-0.04224327
0.02549175
0.03669156
0.06354570
0.05420754
-0.00475902
0.06423678
-0.00948255
0.03325142
0.09857637
0.00521998
-0.07538204
0.01144155
0.02466831
0.00488633
-0.01131930
0.08007840
-0.01254093
0.05648451
-0.01185836
0.07223774
-0.09882119
-0.00711222
0.02986300
0.03630841
-0.00742906
0.02390104
-0.00104963
0.00878575
0.01070147
0.05770011
0.03286316
0.01588684
0.00709759
0.00628127
0.08136895
0.07545391
-0.00424292
-0.06193389
-0.09705717
0.01753609
0.07657299
0.02994691
0.03725246
-0.04186273
-0.05837318
-0.07312644
-0.01232541
0.00447293
-0.05109561
0.02136838
0.00243274
-0.04792329
-0.01679366
-0.05052673
0.02192235
-0.02828807
-0.02969199
0.05922772
-0.00876760
0.03633492
0.07041474
0.04103654
0.02619947
0.00500721
-0.06080939
-0.05774160
-0.07294226
-0.00902343
0.10928833
0.03036196
-0.02112363
0.11769318
0.03112625
