-0.00297980
-0.02372608
0.07736506
0.06535494
0.01996167
0.04203731
0.07067636
-0.06903297
0.08106919
-0.00188122
-0.12277724
-0.10521570
0.07708456
0.05297909
-0.07953682
-0.02250035
-0.00305051
-0.10025833
0.01746674
-0.05395404
-0.00502730
-0.04478814
0.02930257
-0.01680196
-0.07167142
0.08048998
-0.06828090
-0.00595689
0.07251687
-0.04376598
0.00647452
-0.09260420
0.01964807
0.01643817
-0.02422567
0.06178768
0.03985551
-0.07528196
-0.00602311
0.05674990
-0.05087708
0.00333882
0.01619982
0.09390038
0.01741676
-0.06194869
-0.01308612
0.00527251
-0.00329156
0.03494985
0.07028217
-0.03737626
-0.00691427
-0.03743973
-0.07615720
0.00158684
-0.00367672
-0.05668220
-0.05119477
0.05315802
-0.06156640
0.07357842
0.09042796
0.08787122
-0.03876166
0.03067168
0.11993877
-0.05965433
0.07188512
-0.01711983
-0.07662167
0.03903621
-0.01385332
0.03736592
-0.07732435
0.07988642
0.07435931
-0.14442475
0.08898490
0.02495808
0.00240950
-0.08792575
-0.05437541
0.07389888
-0.05801373
-0.01703192
-0.05667517
0.03315900
-0.02505118
-0.06197019
-0.03796454
0.02021244
-0.04969440
0.08348054
-0.01144891
-0.03244939
-0.06040259
0.06612530
-0.03452100
0.05610489
-0.03701289
0.08894213
0.01964336
0.01216379
-0.08707249
-0.06484856
-0.01647864
-0.11794468
-0.08178113
-0.04251829
0.02028848
-0.01812763
0.01412030
-0.00781978
0.08081407
0.09026787
-0.00314604
-0.12615411
-0.01800806
0.07941861
-0.06688180
0.06506227
-0.05425063
0.04910331
0.08482487
0.08171120
-0.01177225
0.03267584
-0.00870902
0.04454082
0.00615727
-0.00833178
0.06032375
-0.09233271
-0.01893032
-0.08425388
0.01123878
0.10875352
0.05066812
0.05253377
0.05046098
-0.11050294
-0.03767110
-0.03191504
-0.07870264
-0.08751097
-0.08181037
0.16490097
0.01909037
-0.06277598
-0.07590716
0.05988245
-0.04174757
-0.01558385
0.01446022
0.08839254
0.08979706
-0.03397675
-0.02471030
-0.20053251
0.00001541
-0.00608843
-0.06891368
-0.06321007
-0.10021914
-0.11815202
-0.01722282
0.05071782
-0.09480706
-0.04160370
0.04159891
0.01452171
-0.04109364
-0.06538819
0.09809136
0.07033245
-0.01296068
0.01004631
-0.03633025
-0.09089057
0.06099977
-0.04972034
-0.08985691
0.09191251
-0.01313128
0.02425003
-0.03922133
0.07610936
-0.03946671
0.16817500
0.01951512
-0.11296978
0.02583223
-0.05767391
0.02290059
0.00198971
0.07300681
0.12186498
-0.12704428
-0.01006914
0.05147091
-0.00131560
-0.05321754
0.01878672
-0.02987407
0.11291988
0.05688585
0.03837587
0.04412362
0.06060651
0.03512207
-0.07369891
0.00968159
-0.13987346
0.02938187
-0.00885599
-0.02285619
0.02999676
-0.04341806
0.00330977
-0.12506360
0.05430353
-0.01866824
-0.06085327
-0.06159821
0.02274599
-0.01438504
0.08907402
0.01550184
-0.06227235
0.05963873
0.11566664
-0.03531979
-0.03034190
0.01946545
0.02168648
-0.04592060
0.03049998
0.02004305
0.08933802
-0.03824730
-0.02173184
0.03982954
-0.04420438
-0.09763938
-0.05479039
0.03606058
0.04670415
-0.01753569
0.03817813
0.07163329
-0.08954191
-0.02890131
0.05872528
-0.07569996
0.06681870
-0.10879755
-0.00744533
-0.12546179
0.05359460
0.03673341
-0.09712411
-0.02282316
-0.02063831
0.10481355
0.10752545
-0.06073458
0.10759816
-0.09609684
0.06831465
-0.02726034
0.10419445
-0.24682258
0.03276999
-0.01177906
-0.24825916
-0.12624489
0.02009432
0.18808752
-0.02185103
0.00325460
-0.14208284
-0.19931096
-0.23405696
0.06536217
-0.11873642
-0.08670807
0.01431856
0.09345601
0.04615968
-0.10731865
-0.06610056
0.08237129
-0.02575658
-0.10436914
-0.25365728
-0.11763424
-0.00607536
-0.07349817
-0.04818105
-0.02449955
0.17191967
0.22310916
-0.27214670
0.06128932
0.17318565
-0.06885689
0.02260442
0.00050963
-0.17685609
-0.07575857
-0.22728373
0.02446268
0.02711312
-0.17693083
0.06894626
0.04863041
0.28246126
0.07526061
-0.19943701
-0.06308060
-0.03111439
0.03219813
0.02462116
-0.00077996
-0.03413731
-0.05743117
0.07327659
-0.06169612
-0.03628393
0.06677511
-0.05408397
0.02818400
0.04903286
0.02057607
0.04506519
-0.02851109
0.05034302
-0.02017300
-0.07420469
0.00635301
0.05040200
0.04963244
-0.09252246
0.05020339
-0.04552998
-0.02741358
0.00012479
0.04345701
0.06071750
-0.03307080
-0.03801933
0.02596395
0.06531128
-0.03048272
0.01790985
-0.05585982
0.10815957
0.02051590
0.01987269
-0.05813768
-0.04527983
0.05623850
-0.05013946
0.01197579
-0.03008609
-0.05099288
0.04045417
0.03994914
-0.06462341
0.02509021
0.00542835
-0.02219191
0.02541540
0.03057725
-0.03202912
-0.06094511
0.03807173
-0.00829997
-0.02936726
0.01954503
0.01305551
0.00046003
0.04663903
-0.01957290
0.00178646
0.08678739
-0.04967250
0.01637715
0.01907335
0.02091933
0.02385022
-0.00521624
-0.04218337
0.00651102
0.07718391
0.04707334
0.02028835
0.00136217
0.01245037
-0.02812492
0.00402602
0.06457385
-0.00790056
0.07143705
-0.05151392
-0.03265258
-0.01447891
0.02127714
0.08693897
0.02513937
0.04014954
0.08630515
-0.06975969
-0.03499822
0.00010693
-0.00489201
-0.01839257
0.07062273
-0.02471942
-0.07149420
-0.04681867
-0.01049344
0.03928339
-0.00618122
-0.01301518
-0.04351290
-0.05195745
0.07495502
-0.07264453
-0.02577979
0.00061406
-0.02218416
-0.00950831
0.01053257
0.03220125
-0.03986590
0.00755841
0.02102239
-0.02220206
-0.04036268
0.00918864
-0.00669078
0.02359089
0.04691473
-0.04120925
0.00318390
0.00263606
-0.00871086
-0.04668219
0.05631532
0.00766132
0.01722990
0.05305872
0.00300782
-0.00184985
-0.00099334
-0.00598560
-0.00097497
-0.06493673
0.03661955
0.00696041
0.00347341
-0.03604067
-0.05389591
0.07364231
0.00175683
0.00937744
-0.00780921
0.07368944
-0.01424938
-0.04557244
0.03395954
0.06122300
0.05039396
-0.00247506
-0.04431876
-0.05926515
-0.01036242
0.00631728
-0.03237120
0.03461926
-0.01634400
-0.05772675
0.02648401
-0.06762635
-0.04954686
-0.02667249
-0.05731333
0.05196499
-0.02329289
-0.00931111
0.04142937
0.05793194
0.04369130
0.06932636
-0.00118813
-0.00213961
0.01296801
0.04200505
-0.02197672
0.07319880
0.04900547
-0.02582258
0.02561468
-0.04605152
0.03688257
-0.00351928
-0.00285194
0.05016142
0.03288367
-0.00922471
0.00684829
0.01891811
-0.02296446
-0.02114393
-0.04097554
-0.00638939
0.00929320
0.00144578
-0.00345777
0.02793162
0.07966459
-0.03704817
0.02767100
-0.01642812
-0.04456811
-0.05381067
-0.06420082
0.08563558
-0.01518629
0.00674430
-0.08829126
-0.03355074
-0.09026494
-0.07553542
-0.02414067
0.05510252
0.00003969
-0.01670022
-0.04077985
0.05273404
0.03596593
-0.01809053
0.04526469
0.01421216
0.06855191
-0.04385171
0.00482690
0.02456843
-0.02465216
0.03899083
-0.10382234
-0.03424354
0.00085391
-0.07869930
-0.06406394
-0.00328222
-0.02235756
-0.00476914
-0.02804313
0.03666274
-0.03625071
0.05174780
-0.00174282
0.01167576
-0.02279348
0.01868251
-0.04787491
0.01094584
-0.06233270
-0.01714803
-0.00045288
0.01072272
0.00585269
-0.07109068
-0.03537670
-0.03040475
0.03234180
0.07066959
-0.08964736
0.11233122
0.03720710
0.00724556
-0.02448617
-0.02418001
-0.00498961
-0.01437516
-0.04285299
-0.01566730
0.02219731
0.01112919
0.01457645
0.05279785
-0.02235197
0.02782930
-0.00392097
-0.04270097
0.00155682
0.07296265
-0.04286162
-0.01893815
-0.02927916
-0.05737830
-0.01463913
-0.06892978
0.01333520
0.06795325
-0.02582472
-0.05821662
-0.02192463
-0.01319261
0.04811865
0.04310619
0.05099533
-0.01817740
0.04748187
-0.02635100
0.01364805
-0.02533518
0.01777623
0.00857642
-0.06417491
-0.01166197
0.06866734
-0.00669371
0.05699230
0.04512442
-0.05962289
-0.01072345
0.03414792
-0.04736796
-0.00795935
0.00127838
0.03738587
-0.03716892
-0.02850088
0.10616259
-0.08936464
0.03321817
-0.09090893
0.02077444
0.06043217
-0.02297804
0.01061427
-0.05984332
-0.05832803
0.07574303
0.05061076
-0.02130437
-0.02050304
0.05361079
-0.05308118
-0.01978976
-0.01227530
0.04180412
0.00007628
-0.01222516
0.03435116
-0.06619537
0.08668409
-0.03486756
-0.09503603
0.03669298
0.10123337
0.00701507
-0.04333875
0.03060404
-0.02392632
-0.04096554
0.04482957
-0.06124147
-0.00656054
-0.00988968
-0.05038910
0.06292021
0.02180100
-0.04303327
0.01910767
0.00699225
0.05522244
-0.04970246
-0.02867283
0.05193607
-0.10894740
-0.04555045
0.09979077
0.02441756
0.02717771
-0.01524435
0.00247462
-0.01370782
-0.02109231
0.02088226
0.04878091
0.06347167
0.00054546
-0.01563258
-0.08703157
0.04134196
-0.06985870
0.01766092
-0.01509120
-0.04161476
-0.07471707
-0.01942838
0.06666695
0.08285179
0.00631726
0.08842046
-0.05340897
0.03401159
0.04438970
0.07581918
-0.01604488
-0.03786122
0.02891318
-0.01644789
-0.06485666
-0.04162575
0.03041850
-0.01659626
0.05374351
-0.07764072
0.03608790
0.06311393
0.03604993
-0.08733761
-0.00046364
-0.07346664
0.00018062
0.05743994
0.00985232
0.06677254
0.01552446
-0.04238666
0.05072390
0.05131738
0.01312649
-0.03582431
0.05964075
-0.07583927
0.02994112
-0.05714307
-0.03757643
-0.00788078
-0.00064267
-0.00871234
-0.01545103
0.08921138
0.00422444
-0.01519515
-0.01569995
-0.03222386
0.09618700
0.00732545
0.06559181
-0.04776293
-0.10598417
0.10510224
0.02412403
0.01811193
0.01123951
0.02188481
0.03136826
-0.03989243
0.06541155
0.04429014
0.05174520
-0.04060337
0.01959689
0.03290399
0.03462049
-0.01618503
0.08557498
-0.00337520
0.06748430
-0.01959708
0.03970352
-0.06039097
0.02515042
0.06534471
0.00546471
0.00273382
0.04950630
0.01785230
0.00949323
0.01072014
0.01069106
0.04414978
0.07481541
-0.01231591
0.00985534
0.06937023
0.09817525
-0.00197272
-0.00593244
-0.10513785
0.06063163
0.06163220
-0.00963465
0.03184097
-0.01973756
-0.05185195
-0.01863234
0.00668668
0.03600528
-0.01613395
-0.02430407
-0.00748967
-0.07086203
0.01378750
-0.01696335
-0.00900389
-0.06418827
-0.01785292
0.00812069
0.05301547
0.02122992
0.07223070
0.01689018
0.01821571
0.01293506
-0.03611727
-0.08387148
-0.01388828
-0.02944044
0.04233420
0.01473322
-0.00838314
0.08155194
-0.03397354
