0.01806021
-0.06987253
0.06026283
0.00352792
0.01357912
0.02193645
-0.00185181
-0.03903139
0.02437301
-0.03985373
-0.17042799
0.00459238
0.00667149
0.08254167
0.01158970
0.02945450
-0.05091892
-0.10256501
-0.01452344
-0.13798954
-0.01663610
0.05511157
0.08364047
0.00773199
-0.03175564
0.03025855
-0.02018950
-0.07650162
0.01585376
0.01742832
0.05849021
-0.08853722
0.09920398
0.05359021
-0.09375032
0.04047747
0.05043551
-0.03663720
-0.05392669
0.03987470
0.01466626
-0.02813323
-0.01694929
0.12022745
-0.02581234
-0.10704473
-0.00895754
0.01446305
0.02075341
0.09872974
-0.00804250
-0.06517960
-0.05032824
-0.02582923
-0.09285843
0.04658908
-0.01215562
-0.07952353
-0.02864798
0.06751703
-0.07142915
0.06615154
0.09069443
0.00331839
-0.01417279
0.02692294
0.09745022
-0.04640136
0.09175091
-0.00947309
0.00009604
0.05808946
0.00090149
0.05725044
-0.10679505
0.06599147
0.02920629
-0.06557053
0.07037379
-0.05343657
-0.01867567
-0.13205995
-0.03020989
0.07473645
0.00176350
0.00045778
-0.00325734
-0.02632174
-0.07161550
0.01276407
-0.04674208
0.03499923
-0.06242518
0.10601349
0.01758860
0.02997960
-0.07709926
0.07432539
0.00652725
0.00745262
-0.03569303
0.04062776
-0.01030924
-0.00327117
-0.08930292
-0.03602560
-0.03828142
-0.13753663
-0.05334006
0.01338864
-0.07412302
0.02974373
0.10391597
0.00542772
-0.01927501
0.06769159
0.11454212
-0.14534400
-0.02116784
0.06715489
-0.05070562
0.05035312
-0.03171779
0.04730861
0.11055116
0.02360166
0.05837987
-0.03452323
-0.03435563
0.01171297
0.00313247
0.05398338
0.11850623
-0.07426788
0.02356657
-0.00470986
-0.01055465
0.04009148
0.08048854
-0.00444900
0.07165971
-0.08367402
-0.04968138
-0.01229963
-0.08308468
0.00201399
-0.08121660
0.08659796
0.00797339
-0.11964040
-0.02395893
0.08120382
-0.01383792
0.02899969
0.03628300
0.03518450
0.07147695
-0.06529450
-0.01543023
-0.11605154
0.08979969
-0.01522258
-0.05725556
-0.04776232
-0.11238652
-0.05630425
-0.05797159
0.02510412
-0.11956581
-0.00049773
0.04811192
-0.07333654
-0.08475781
-0.06509720
-0.01415347
0.10285078
-0.02119500
0.04553991
0.07316220
-0.13487425
0.04618446
-0.04657504
-0.02924749
0.04584462
0.00694659
0.02903477
-0.03137627
0.03340957
-0.09071028
0.11753414
0.04007706
-0.16077258
0.05051719
-0.05925079
0.00573132
0.01131925
-0.04049889
0.07624961
-0.07913642
-0.02215379
0.05528405
-0.02071279
-0.08947223
-0.05611775
-0.04395231
0.14177381
0.12058748
0.06947949
0.03163500
-0.02903458
-0.03834320
-0.04689324
0.01221739
-0.05345523
-0.05811151
-0.04466841
-0.03287819
0.04885243
-0.07910109
0.04597678
-0.14653474
0.02817318
-0.05387413
0.04947454
-0.11271259
-0.03355211
0.02187098
0.01767670
-0.02059086
0.04442683
0.02930485
0.08757239
-0.03993456
-0.11579695
0.01470966
-0.02770767
-0.06728721
0.03486879
0.05946556
0.09940579
-0.12152380
0.04257089
-0.01252463
-0.06067044
-0.04956530
-0.03911345
-0.04154330
0.06313293
-0.01326783
0.00424797
0.07688189
-0.05645153
0.02059717
0.09211870
-0.07438700
-0.06260781
-0.06404936
0.03360036
-0.12148049
0.05727313
0.07720102
-0.11993852
0.03390376
-0.02894289
0.10725376
0.08414185
-0.10645694
0.09383456
-0.07149176
0.04244618
-0.07092693
0.10907859
-0.23313349
0.02690455
-0.01703163
-0.23974797
-0.12982062
0.01968223
0.21278407
-0.06502921
0.00598767
-0.11743296
-0.17094496
-0.24012260
0.02361142
-0.12308320
-0.04397348
0.01149567
0.04644483
0.06746616
-0.12549655
-0.03836001
0.10488521
-0.03948516
-0.13024335
-0.23024069
-0.10859706
0.04088484
-0.13131490
-0.04427117
0.02701834
0.17815237
0.20063387
-0.30634382
0.02132587
0.17967118
-0.05549994
0.06088971
0.03215469
-0.13461673
-0.08589220
-0.18202832
0.04116325
0.01021872
-0.14041451
0.02723771
0.08200181
0.32070646
0.10084474
-0.21649179
-0.02468336
-0.01347473
0.01262322
0.01993859
0.00034041
-0.02251783
-0.04818276
0.03059713
-0.06328241
-0.01206076
0.02184357
-0.04902923
0.03926648
0.05349826
0.03408219
0.07051112
-0.04842513
0.05893363
0.01505876
-0.10512121
-0.02234583
0.07875762
0.06040373
-0.07341088
0.03538170
-0.07556695
-0.04749799
-0.00498630
0.05838645
0.04622980
-0.01051109
-0.00783377
0.03783868
0.07840624
0.00491675
0.00271190
-0.03131181
0.06557394
0.03253622
-0.00410987
-0.03891873
-0.08425803
-0.00078502
-0.06572710
-0.01378015
-0.02049202
0.00439421
0.07253031
0.04015065
-0.04593484
-0.03460608
-0.00372674
0.00333413
0.04139660
-0.04939668
-0.01841903
0.02599137
0.00551677
-0.06686439
0.00116252
0.04152841
-0.03751578
0.01781085
0.07118347
-0.04038418
-0.04760881
0.09252907
-0.04249476
0.04121181
-0.02177720
0.01740746
-0.01968816
-0.05314785
-0.03215146
-0.00990083
0.06915817
0.00096420
0.05378585
0.02884025
0.07364599
-0.05865105
-0.07047427
-0.00537415
-0.02687131
0.04202197
-0.04473376
-0.03960331
-0.05913090
-0.00059539
0.06234241
-0.01967389
0.01915048
0.06781640
-0.03992203
-0.04632563
-0.04436780
0.03107082
0.02137811
0.06485116
-0.01547116
-0.05484350
-0.03800055
-0.02118487
-0.00566113
-0.00015020
-0.02480551
-0.01722481
-0.02047848
0.04778776
-0.02760603
-0.04644151
-0.02467380
-0.03618116
0.00354802
-0.00878109
0.00446687
0.04066931
-0.01496405
-0.02003184
0.02625512
-0.03290170
0.02141100
0.02582400
-0.02670193
-0.00142981
-0.04562141
0.05489209
0.00029060
-0.01510674
-0.07553760
0.03143388
-0.00381508
0.02917677
0.03229521
0.01640323
0.00231742
0.07841135
-0.02106939
-0.02956083
-0.07238502
0.00884135
0.01278672
0.03400445
0.01191100
0.03128001
0.03318341
-0.02641115
-0.05729745
0.01614875
0.12050118
0.01127820
-0.06215574
-0.00110001
0.00818104
0.03716516
0.04376347
-0.03211469
-0.04922670
-0.01486775
-0.06779486
-0.03967908
0.03051742
-0.02030997
-0.02459319
0.06238095
-0.05288257
-0.02466900
0.00605308
0.00361686
0.04964621
0.02174398
0.05124281
-0.02703426
0.06137627
0.05122704
0.04175665
0.00280794
-0.03562092
0.03464342
0.04718142
0.00613486
0.04290587
0.04045098
-0.08068043
-0.02002058
-0.07633414
0.01657017
-0.01963923
0.01238038
0.04270810
-0.04550118
0.01325188
0.01288640
0.01721091
0.01218414
0.04020311
-0.01240615
-0.01613790
0.01770988
0.02541398
-0.00360374
0.05681470
0.07996755
-0.07366152
-0.00362715
-0.06181659
-0.04906527
-0.05867412
-0.04880835
0.07855691
0.04714487
-0.02332962
-0.05071868
0.00835773
-0.04701502
-0.03559763
-0.01323663
0.01077574
-0.03174019
-0.01482516
-0.01645572
0.03081574
-0.02205801
-0.01696149
0.00613066
-0.04953424
0.08036335
0.02325442
0.00615624
0.05443756
-0.02735961
0.03875003
-0.09897669
-0.00220959
-0.00367491
-0.08595727
-0.07028831
0.00492507
-0.05346383
0.02193480
-0.00344790
0.02439627
-0.04179560
0.04657021
-0.04672053
-0.02756612
-0.03227378
0.00212250
-0.03339195
-0.00476450
-0.01251735
-0.03326494
-0.01373826
0.00636667
-0.00190373
-0.03673497
0.03597190
-0.01493886
0.02824541
0.04918619
-0.04871278
0.09238870
-0.01924722
0.01033934
-0.02735474
0.02802308
0.06153055
0.01797206
-0.00432182
-0.01539484
0.00062905
0.03909592
-0.04546332
0.03898049
-0.08276747
-0.01227887
-0.02236264
-0.04626871
-0.04185408
0.05712155
0.00814803
0.00937705
-0.01810573
-0.04120231
0.05483403
-0.06555756
-0.02122900
0.05150514
-0.03259693
-0.02413901
-0.07731818
0.02191390
0.01617725
0.08603834
0.04223087
-0.01127603
-0.00085029
-0.03780376
-0.01205038
-0.03330657
0.00685909
-0.04111744
-0.08360370
0.00098840
0.04728932
-0.03452703
0.03820509
-0.01052435
-0.06238219
-0.02168668
0.03184190
-0.04997012
-0.01657611
-0.02453161
-0.00480519
-0.02705782
-0.01391972
0.05840015
-0.07187764
0.01498307
-0.11291198
0.01397284
0.04843023
0.00939571
-0.00159499
-0.02827749
-0.05861320
0.10306812
0.01597207
-0.01937259
0.00299005
0.04725952
-0.05653912
0.03289441
0.01107092
0.05957261
-0.02894131
0.04134554
0.05997344
-0.05002552
0.01715944
-0.02454593
-0.09889562
0.01456421
0.08863765
0.03812148
-0.07220597
0.02808801
-0.02586700
-0.01368178
0.01880558
-0.04466686
0.02192527
-0.03484199
-0.00286149
0.04249718
-0.01685535
-0.02693786
-0.00764759
0.03065036
0.01413124
-0.08256947
0.03680426
-0.02096665
-0.08656348
-0.05823888
0.06416807
-0.00019737
0.05638855
-0.03173951
-0.04324640
-0.04419797
0.02567222
0.04505703
-0.00143905
0.02766086
0.00327728
0.00084847
-0.05422457
0.01844576
-0.05828251
0.00362002
-0.09139225
0.02038691
-0.07615478
-0.05147766
0.06071950
0.07694941
-0.00499153
0.09877055
-0.02283338
0.00307407
0.07453085
0.08581264
-0.01553610
-0.00914981
0.07030914
-0.05845693
-0.02917554
-0.04310575
0.02380940
-0.03577786
0.04572388
-0.00973785
0.02321540
0.07052132
0.07405528
-0.08382319
0.02563731
-0.05563335
-0.04211997
0.07661142
0.00600757
0.02514009
0.03961985
-0.09844996
0.03956437
0.08420502
0.06675040
-0.02257847
0.04403057
-0.09442053
0.00841823
-0.03979704
-0.04297436
-0.02769839
-0.01774953
-0.02173861
-0.02546896
0.03752245
0.00725520
0.00593546
-0.08578911
-0.04739657
0.08232051
-0.00510132
0.09459312
-0.00438128
-0.04728359
0.04599104
0.04739984
0.05343146
0.04480728
0.00150060
0.04489392
-0.02597344
0.05337415
0.08487180
0.00206284
-0.07543860
0.00271012
0.01748097
-0.01086162
-0.03321628
0.06153243
-0.03504420
0.04464035
-0.01350390
0.05429735
-0.10002633
0.02080484
0.03153111
0.04244250
-0.01419056
0.01764022
0.03201463
0.00233908
0.02122652
0.04716911
0.03304202
0.01741523
-0.01299654
0.00355382
0.08704259
0.07718888
-0.00022742
-0.05552931
-0.10396529
0.00313139
0.06700887
0.03745761
0.05670067
-0.05694632
-0.06287240
-0.09872480
-0.01016500
-0.00112080
-0.05036366
-0.00193656
0.02088574
-0.04869950
0.01286077
-0.03775612
0.01985997
-0.00485545
-0.04025595
0.04906918
-0.00046233
0.04667290
0.05209563
0.05425473
0.02464543
0.00245245
-0.06964475
-0.07004207
-0.05602755
-0.00245767
0.09142893
0.03653955
-0.01817145
0.08770390
0.01356884
