0.09395983
0.00667208
-0.03316199
-0.06197796
-0.01727169
-0.05674760
-0.04158371
0.04770525
0.03607872
-0.00105708
0.03161572
-0.00670576
0.08923171
0.12397026
-0.02925177
0.05413366
-0.01527191
-0.13124813
0.01148231
-0.07220061
-0.09931891
0.05336317
-0.02661707
0.09293385
0.04774531
0.04389805
0.04193601
0.12195921
0.04418618
0.00079221
-0.08190943
0.10077650
-0.01650866
-0.09472861
0.03751900
-0.00654428
0.01572289
-0.09671063
0.03830192
0.03318002
-0.11589920
0.10122407
0.08362783
0.00036837
0.00545539
0.00149697
0.00211216
-0.02090115
-0.05195863
0.02748343
0.01387654
0.06394488
0.08874159
-0.00853745
0.03134983
-0.01590521
-0.03421788
-0.03569518
0.08752733
0.00411184
0.07250342
-0.04342208
-0.05272203
0.00531243
-0.01473567
-0.07487103
-0.03478170
0.00560685
0.06249233
-0.08670500
0.09952690
0.01665497
-0.06187447
0.03479981
-0.06297786
0.05088882
0.03202127
-0.11391989
0.07281970
-0.05590835
-0.06335825
0.00365417
0.00355513
-0.07511186
0.01329244
0.07112639
0.03393913
-0.02017636
-0.06779204
-0.08659501
0.00652287
-0.02916829
-0.02054585
-0.07256471
-0.03859954
-0.13422908
-0.06569103
0.03662091
0.07715011
0.05846477
0.08708845
0.03299553
-0.04058345
-0.03265940
0.01463510
0.07912330
-0.03059823
0.08059330
0.05453335
0.14664087
0.11005985
-0.04323276
0.03963864
0.06898064
-0.00813196
0.04546450
-0.03136327
0.02106341
-0.11169134
-0.06660113
-0.16118594
-0.03016602
-0.00674271
-0.03723474
-0.00584173
0.08695276
0.02173663
0.06562585
0.10989604
-0.03731923
0.03729653
0.00801231
0.11186060
-0.08394191
-0.00330626
-0.09622729
0.00813150
-0.03845556
-0.04713640
0.10635420
-0.07406018
0.03064940
0.02938207
-0.04234130
0.06586410
0.03885149
-0.10436365
0.05686238
-0.06357866
-0.05254111
-0.00416012
0.11819916
0.06948824
-0.13340460
0.09425566
0.00620194
0.03090124
-0.03035529
-0.00190156
-0.03431173
-0.01360903
0.06195977
0.03625793
0.10958633
0.06898751
-0.05641109
-0.01466486
0.06901527
0.03022504
0.06199693
-0.08408822
-0.00304905
-0.00136029
0.00267550
-0.00608759
0.02515098
-0.08589137
-0.04342524
0.08453520
0.06604196
-0.02649400
0.07343731
-0.01305381
-0.03171009
0.01174578
-0.05132471
0.00780180
-0.00125294
-0.01594731
0.03122349
-0.03463695
-0.03736212
0.03471409
-0.07425637
-0.10411078
-0.02757568
-0.06921359
0.04954815
0.05033801
-0.04578364
-0.05551987
0.05385299
0.08792283
-0.00356836
-0.09893630
-0.06223983
-0.05144344
-0.11614108
0.02547683
0.07475083
0.07135590
0.12669185
-0.01740659
0.04100893
-0.05710291
0.02515800
0.04823242
-0.05564206
0.12195340
0.11848134
0.01366312
0.04918913
0.11695847
-0.07335296
-0.03187190
0.00288311
0.06975392
0.02382378
0.02669112
-0.12568636
-0.11898927
0.08469357
-0.00281270
-0.03647253
-0.04032829
0.10210951
0.01337550
-0.09519693
0.09152956
-0.08178455
0.08535942
0.03910514
-0.03007679
0.03683448
-0.01936821
0.07405191
-0.00942861
0.03836345
0.01571453
0.04375643
0.04913508
-0.01107466
-0.02784015
-0.01490159
-0.12657894
-0.06395483
0.05889056
0.06266955
-0.14647751
-0.15768151
0.19273330
-0.13038130
0.05388855
0.05060881
0.13052379
0.10915254
-0.20678759
-0.03647326
0.13994880
0.15437438
-0.09574202
-0.10981679
-0.24880189
0.02438750
-0.03955584
-0.15406977
-0.19438531
0.01287717
0.09945050
0.04705890
0.14539897
-0.18349899
-0.15916392
0.00601581
-0.09726839
-0.01183385
-0.06017415
0.02547375
-0.19404994
-0.16967934
-0.21054676
0.02685124
0.12670465
0.05139645
-0.05954330
-0.11141544
-0.01662238
-0.07046947
-0.03019405
-0.07294951
-0.03219308
0.05156149
0.20847481
-0.25806198
-0.06260732
0.09132233
-0.09237888
0.00178920
0.06924719
0.06354822
-0.04523066
-0.12208774
0.13585909
-0.02897250
-0.16272080
-0.06899147
-0.07531384
0.36379671
-0.09431668
0.04084183
-0.02548142
-0.09558152
-0.01090352
0.05780107
-0.00217647
0.01455562
0.01313138
-0.03341225
0.01309814
0.07577640
-0.00086933
-0.02203306
-0.01937877
0.02126926
-0.07009014
0.00998583
-0.06071490
0.04050572
0.03774499
-0.01332809
-0.04872407
-0.01547043
0.04148320
-0.05563517
0.01218801
-0.01700469
-0.03456067
0.03881367
0.00523655
0.06497914
-0.04302130
0.08251393
0.00268262
0.10716032
-0.00143175
0.01978066
0.00083599
0.04081996
-0.00024648
-0.03945890
-0.06238160
-0.07814841
0.01704150
-0.00301847
0.00160169
-0.04847420
0.03011445
0.04225891
-0.04829007
0.05725181
-0.02048508
-0.03531187
0.01588506
0.01632277
-0.02234554
-0.09820323
-0.02082425
0.00646521
-0.06939838
-0.04705152
-0.02733977
-0.01948740
0.02058885
0.01403858
0.01770929
-0.04924623
0.04720460
-0.00247780
0.01795744
0.00073164
0.01568770
-0.00968091
-0.05108587
0.04294989
-0.05548895
0.08103940
0.03608580
-0.05931764
0.02316416
0.06392823
-0.01371340
-0.00353889
0.01479692
-0.00285446
0.07074086
-0.05487101
0.02124373
-0.06343376
0.00066503
0.02498453
-0.01617111
0.03272903
0.03321561
-0.04562603
-0.06781591
-0.04424633
-0.00678044
0.00315472
0.07031862
-0.01894186
0.01019922
-0.03706881
-0.01402990
0.01018067
-0.06973736
0.02600857
0.05192178
0.03083817
0.00738861
-0.04093162
-0.05255456
0.00086140
-0.03635975
-0.02857761
-0.07608536
-0.00882816
0.06105875
-0.01438340
-0.03142579
0.04300667
-0.03721950
0.05684650
-0.00064176
-0.00279310
0.03997620
-0.00734216
0.03261112
-0.07215844
0.00149968
0.00050021
-0.01865642
-0.04676214
0.02279771
0.04377085
0.01813366
-0.00342750
-0.01971231
0.01534090
-0.05296115
-0.10823844
-0.00120709
-0.04101234
-0.01571342
-0.01848828
-0.04625451
0.05975339
-0.09029362
-0.08220734
0.00696320
0.03821680
0.06293022
-0.03620518
0.05464100
-0.01395827
0.06193917
0.01095874
0.00545133
-0.02881369
-0.04028708
0.00486215
0.01496112
0.04839319
-0.03719203
-0.06085417
-0.01717970
-0.11274841
0.01816484
0.06581764
0.00331869
0.12032594
0.01769906
-0.02888722
-0.01908153
-0.00749965
0.04786780
0.05072284
0.00717150
-0.10952084
-0.05299110
0.00041787
0.01789553
-0.03726010
-0.00641053
-0.00724670
-0.03397586
0.02911791
0.02771917
0.04732920
-0.05315667
-0.08292692
-0.01447128
-0.05730801
0.12644836
-0.01422292
0.05744159
0.05318195
-0.03472280
-0.06709342
-0.00183125
-0.05017879
-0.05051223
0.04535163
-0.00622562
-0.03518737
0.04907985
-0.04498706
-0.09344009
-0.05258176
0.01693203
0.00213241
0.07477149
-0.05967479
0.02832377
-0.01875277
-0.07894167
-0.06437960
-0.02361656
0.02815980
-0.07589351
-0.02919014
-0.01039044
0.01971391
0.05264967
0.00508571
0.01099337
0.01668289
0.02459992
-0.06909548
0.00602246
0.08125189
0.01817872
0.03763643
-0.03746341
-0.04121665
0.00381793
-0.00960537
-0.07900102
-0.01009290
0.03815086
-0.02917746
-0.03118501
0.05792224
-0.02690505
0.09626936
-0.02959658
-0.01913492
-0.06928160
-0.01796996
-0.04489651
0.07153818
-0.00566035
-0.03500756
0.00807593
0.01168249
-0.05425181
0.00046897
0.00743093
-0.01293643
0.01876678
0.00249938
0.00684820
0.05123371
0.05663429
-0.04898527
-0.01180408
0.06571759
-0.01088526
-0.04471267
-0.02427487
-0.01937602
0.04968219
0.05571212
0.04433338
0.00355829
-0.06359665
-0.00978156
0.04237989
-0.02774757
-0.01232317
0.04877935
-0.03973536
0.01658168
-0.04556072
-0.03728712
-0.00557130
-0.03596921
-0.04195116
0.01881354
0.02625716
-0.02438156
0.02659990
-0.00412634
0.07668395
-0.03404217
-0.05448030
-0.02901264
0.04816105
0.05551087
-0.02628425
-0.03886481
-0.03399690
-0.03886352
-0.01472534
0.02989225
0.05459461
-0.00153335
-0.01007919
0.03760492
-0.01221822
0.00397791
0.01861346
-0.05667423
0.03276593
-0.01541848
0.04128892
0.02718001
-0.05596010
0.06029514
-0.01685246
-0.00758254
-0.02304545
-0.03153053
0.05260423
0.01058730
-0.01832093
-0.06794178
-0.02384137
-0.01646297
0.03418752
-0.08305404
-0.00732083
-0.00372937
-0.01993125
0.05779259
0.02346959
0.01771053
0.00104026
0.03448239
-0.05865189
-0.07572220
0.00097773
0.02675514
-0.02317250
0.04034937
0.07247850
0.00204670
-0.02156180
0.04327543
-0.06086617
-0.03300173
0.00625341
0.01067780
0.01676335
0.00505480
0.03037462
0.02980463
-0.05108918
-0.05822371
0.03854221
-0.01566570
-0.00492115
-0.01196095
0.04663569
-0.00828538
-0.10507257
-0.06149345
0.00634793
-0.06571737
0.00913777
0.00186789
0.07478133
-0.00415687
0.00812101
0.03113448
-0.00710541
0.00245375
-0.02732752
0.01489153
-0.13528857
-0.02537967
-0.02653036
-0.03986033
-0.03335229
-0.06093755
-0.06070580
-0.00592661
0.00613499
-0.03579802
0.06433657
-0.01170287
0.03734754
-0.01154070
0.04724328
0.07853892
0.06631998
-0.01915569
-0.02851661
-0.05766691
0.01873778
-0.07311189
-0.00284654
0.01491059
0.03138992
-0.04566235
-0.01585385
0.05845717
0.02584144
-0.04147765
0.02217749
-0.11804156
-0.00490612
0.06365483
-0.00475331
0.05154124
0.06378721
-0.06596605
0.01516949
0.02650249
-0.00536854
-0.04912298
-0.00415662
-0.04489420
0.07094831
-0.01035105
-0.02323659
-0.03013989
0.02780968
-0.01699376
-0.02526613
0.08021363
-0.05511827
0.06593928
-0.04456202
-0.09405328
0.06944038
0.04091779
0.04779894
-0.04053137
-0.05284360
0.03052450
-0.00339531
0.04816124
0.01093150
-0.05606880
-0.01360427
0.03856457
0.08683464
0.02583833
-0.01372271
-0.03071689
-0.03440726
-0.02470368
0.01725618
-0.07758452
0.01036822
-0.04550273
0.10598519
-0.06859819
0.07488035
-0.03510834
0.04370072
0.06427059
0.02416561
-0.10564809
0.04908863
-0.02581668
0.01374612
0.04217043
0.03019160
-0.00545613
0.00995203
0.00750646
-0.06441194
0.08172897
-0.04862640
0.06118345
-0.05064949
0.00979579
0.00663165
-0.00218213
0.02944005
0.07867367
-0.02548929
-0.04743949
-0.02856574
-0.03510817
0.02252009
-0.03997431
0.02547105
0.04467490
-0.07820523
-0.02311302
-0.00390388
0.00794202
0.01613861
-0.00222971
0.10812914
0.00341328
-0.06410155
0.05829191
-0.02039998
0.10262458
-0.01750292
-0.07067270
-0.03599645
-0.01456968
-0.00271765
0.09746441
0.04610730
0.00064454
0.08070035
0.05142423
