0.08650236
-0.00251313
-0.04108452
-0.06163596
-0.04988252
-0.03949952
-0.06817053
0.08899576
0.00836607
-0.00185804
0.03486955
0.03524799
0.04268250
0.11401611
-0.00905593
0.06100739
0.03081962
-0.11394391
-0.04482146
-0.10212803
-0.07775547
0.06940332
-0.00657844
0.10956705
0.07100147
0.10800839
0.01206234
0.08453512
0.10340948
-0.03302405
-0.08686779
0.10523520
-0.03784286
-0.08867482
0.03200264
0.03810923
-0.02543813
-0.11090741
0.03784231
0.07611890
-0.12190322
0.08879363
0.10400572
-0.01649236
-0.02144778
0.01149150
0.03957241
0.01214745
-0.11990909
0.00865865
0.00781380
0.06400568
0.08755801
-0.00196559
0.05237776
0.00799910
0.01915827
-0.04514880
0.06263144
-0.03179684
0.08658825
-0.08115987
-0.05382851
0.03302972
-0.01002402
-0.01372014
-0.06559699
-0.00556089
0.00941145
-0.08433337
0.08535901
-0.00236688
-0.08012858
0.05931637
-0.08870862
0.01721883
0.05046923
-0.11255512
0.07898013
-0.09515541
-0.03357822
-0.00650122
0.01989386
-0.05737691
-0.02115920
0.08750593
0.01760217
-0.02923662
-0.08502780
-0.07146446
-0.00691941
-0.01561094
0.00959410
-0.10578976
-0.10566851
-0.12929724
-0.05815224
0.02357806
0.08636557
0.05573028
0.10639699
-0.01049818
-0.07554973
0.04140250
0.00314382
0.05706753
0.02060835
0.06316146
0.10261667
0.10932530
0.08980031
-0.08512007
0.07310133
0.06261467
0.04013029
0.02709631
-0.00191357
0.00929941
-0.11525659
-0.02851062
-0.11632111
-0.05024172
-0.03661988
-0.02943822
0.01635612
0.07609572
-0.03558124
0.02141752
0.08210180
-0.03675104
0.00097385
-0.04630195
0.06705061
-0.09523837
-0.03049506
-0.07555183
0.02115271
-0.04389424
-0.00334404
0.08081669
-0.06647819
0.04850791
0.05019992
0.00690555
0.06320319
0.04826731
-0.12372562
0.03547420
-0.05144515
-0.05463203
0.00222906
0.10381296
0.04689253
-0.09489391
0.04773247
-0.01802056
0.06408709
-0.06354006
0.00287158
0.04547129
-0.00204122
0.03456147
0.05096636
0.06920912
0.06165548
-0.02354098
-0.03012879
0.05288767
0.05589384
0.04608233
-0.10600568
0.03248185
0.02391293
-0.01377378
-0.02914055
-0.02464121
-0.02555034
-0.04424243
0.10350172
0.05131093
-0.02077127
0.10451581
0.01652476
-0.04868126
-0.01687393
-0.02022934
0.00957439
0.02376470
-0.03490295
0.04498358
0.00777551
0.00059363
0.02288641
-0.10352445
-0.05822172
-0.01840121
-0.07103390
0.04081372
0.00447990
-0.06154449
-0.04859566
0.05921621
0.08183646
-0.02422220
-0.04978751
-0.05973180
-0.03899080
-0.08643275
0.03328182
0.05158054
0.04153036
0.11803098
0.02568009
0.09336237
-0.08981058
0.01484946
0.07825018
-0.07030712
0.11575292
0.15894577
0.05652798
0.07352860
0.06287453
-0.03867184
-0.03308025
-0.00906337
0.04920856
0.02830642
0.02616037
-0.06558485
-0.09136578
0.06174568
0.00839764
-0.03942671
-0.04706387
0.10953880
-0.01838151
-0.08458070
0.10010851
-0.10067596
0.10912407
0.02263269
-0.04166286
0.05712642
-0.01731709
0.05836228
0.02334095
0.03578344
0.03247918
0.04501679
0.05723341
-0.05354510
-0.05981424
-0.00752845
-0.10247265
-0.09865209
0.04356206
-0.02113544
-0.06542114
-0.09476074
0.12306362
-0.16513287
0.06280312
0.03268933
0.05431733
0.10374696
-0.14752758
0.09332810
0.05694167
0.08671756
-0.02941293
-0.05115271
-0.25218162
-0.06414165
0.02573772
-0.25734258
-0.18866795
-0.05524211
0.10182942
-0.01109397
0.08815973
-0.16986890
-0.18131696
-0.13677664
-0.02549374
-0.03543031
0.00562249
-0.04282402
-0.07204195
-0.11481085
-0.19210508
-0.05014988
0.12857006
0.05188302
-0.08201339
-0.21755166
-0.11093145
-0.04355676
-0.04480232
-0.15594065
-0.09741090
0.12453734
0.23241788
-0.28936294
-0.03446996
0.15004332
-0.07071069
0.09222429
0.09101088
-0.08583958
-0.04115016
-0.15313742
0.13371675
0.05193523
-0.13701250
0.04892534
0.02629685
0.36225232
0.01205331
-0.12909658
0.06545199
-0.09825226
-0.00524138
0.07652102
0.04409693
0.02181610
0.04394220
-0.00253500
0.05589065
0.07032364
0.00360195
-0.03916037
0.00268452
0.08198154
0.02416095
0.06266738
-0.01900698
-0.07034557
0.04050995
-0.08244274
-0.03559701
0.06211721
0.01988968
-0.06751456
0.01899565
0.03714455
0.00919530
0.07460380
-0.02870019
0.03776198
-0.01904746
0.05927724
-0.01496891
0.05624075
-0.03631644
0.04788060
0.02411556
0.04384745
0.08141515
-0.01106863
-0.00348597
-0.02293527
0.04019776
-0.00624854
-0.04721974
0.01697768
-0.01421349
-0.02751896
-0.00477499
0.08133253
0.05722486
-0.04369595
0.07240657
0.06976900
-0.00832769
-0.00745666
0.07239310
0.02756372
-0.00835030
-0.00754843
-0.04127937
0.03094668
-0.04963754
-0.01205788
-0.07600565
-0.09230247
0.04912935
-0.03137677
-0.03240904
0.04767632
0.05570002
-0.05682587
-0.00229318
0.01466083
-0.04911746
-0.00066548
0.00690160
-0.06109067
0.03364841
0.00040911
-0.02499564
0.08394033
0.01023380
-0.02083878
-0.04807584
-0.02129023
0.00888070
-0.04053419
-0.03181403
-0.08023115
0.05636789
-0.00971733
-0.05510555
-0.00838155
-0.09890684
-0.01512317
0.01356153
0.04119292
-0.01337243
-0.01595704
0.01903564
0.04219422
0.02726117
-0.01685084
0.04225471
-0.00371239
0.05297147
0.04012904
0.01900317
-0.07877188
-0.00027757
-0.02000474
-0.02786702
-0.08325799
-0.02003741
-0.02689059
-0.01144548
0.01302315
-0.02723253
-0.01630013
-0.03865517
0.09441476
0.05733850
-0.01661869
0.01510566
-0.00471319
0.02900703
0.00535685
-0.01936524
0.08631044
0.05150845
-0.02150481
0.00861208
0.04916353
-0.00019484
0.01790090
-0.06019419
-0.06276727
-0.11343802
-0.01709611
0.00844108
-0.00999701
0.07059065
0.04667689
0.06989682
-0.01388056
-0.07509003
-0.01229656
-0.00739379
-0.00016857
-0.00658421
0.02279230
-0.02964301
-0.00804522
-0.01589097
0.02574297
0.01802948
-0.05401307
-0.06220755
-0.01643376
-0.00854777
-0.04206238
-0.04985965
-0.05997130
-0.05518766
-0.04119305
0.01751173
0.07304688
-0.00387454
0.05282889
-0.02730426
-0.00824994
0.06098874
0.03287591
0.01937789
0.08281622
0.03488337
-0.01116216
0.07130868
0.01182750
0.06725699
-0.00714698
-0.02437559
0.00965603
0.01052652
-0.03109795
0.03862374
0.09163984
-0.00596264
-0.04468424
0.01035908
-0.06397060
0.06545460
0.03261475
-0.06298777
0.05199514
0.02056071
-0.09828255
-0.04675869
0.07531578
-0.10840810
0.01544839
-0.02089713
0.06804424
-0.02687982
-0.02157512
-0.02799558
0.00986837
-0.02382120
-0.03593192
0.04285901
-0.01424763
-0.08689698
-0.01457092
-0.02007285
0.02864499
-0.02759791
0.01487876
-0.04615745
-0.03125336
0.00611101
0.01931183
-0.04599143
0.01267098
0.01328525
0.00467546
0.01142385
0.02679629
0.00835249
-0.05936340
0.04550479
0.09274040
0.05766970
0.06017352
0.00338146
0.04119512
0.01570135
-0.01609590
-0.02097620
0.00344010
-0.03437901
-0.01153000
0.02000305
0.01664714
-0.01859240
-0.03278009
-0.04400796
-0.04999558
-0.02184109
0.02263889
0.00530170
-0.07751103
-0.05047965
0.04733991
0.05833334
0.05197281
0.07727103
0.02523667
-0.05899301
0.00263034
0.10417250
-0.02541229
0.02226175
-0.03209317
-0.07273827
-0.05921709
-0.02415252
-0.04029891
-0.02466560
0.02354483
-0.03668329
0.04083166
-0.03716293
-0.12524207
-0.02525190
-0.01858638
0.02413304
0.02024519
-0.02090323
-0.01562797
-0.06032659
0.05647706
0.01585427
0.04137680
-0.07994764
0.03120339
-0.01407804
-0.03989717
0.04726068
-0.03769914
0.06194443
0.02295495
-0.03757599
-0.01363013
-0.02749618
-0.06782558
0.01317053
-0.01003818
-0.01533770
-0.00556942
0.07117413
-0.04676310
0.02008871
0.01810421
0.05308898
-0.00421885
0.01809622
-0.01283451
0.02679306
-0.01225716
-0.01299611
-0.01450511
-0.04050129
0.02354621
-0.02179975
0.05175475
-0.02190729
0.02103370
0.03163939
0.00737458
0.04614729
0.04708349
0.02399689
0.00820330
0.06966227
-0.02740874
-0.00367486
-0.06473263
0.05909196
-0.02213009
0.00455418
0.02618072
0.03348189
-0.01399150
0.07563163
0.00436450
-0.06576333
0.02577706
0.05013087
0.00099799
-0.07272043
0.06040482
-0.03880803
0.04913625
0.05664758
-0.05271336
-0.03802057
-0.01477296
0.03671635
-0.07363096
0.01506254
-0.03365085
-0.00394956
0.03962339
0.02514450
-0.00186641
-0.01059769
0.01489668
0.01335850
0.07482015
0.02851127
0.07501010
0.10776818
-0.06131037
-0.04486462
-0.00425723
-0.00547801
-0.00070921
0.01658494
-0.01671135
0.00032363
0.00864906
0.05749936
-0.03310839
0.01104949
0.03951183
0.06957122
0.03150458
-0.02643553
-0.05352339
0.03608419
0.01608104
0.04291964
-0.03434156
0.02103197
0.11804285
0.01458810
-0.02690135
-0.00470959
-0.02464787
-0.01463299
0.10442151
0.04734964
0.00811242
0.02107245
-0.02761431
0.00572963
-0.02136015
0.01692124
-0.06042163
-0.02052795
0.02311413
-0.03298059
-0.06788578
0.03089256
0.00074829
-0.06879766
0.06988251
0.00509991
-0.00198560
-0.10768923
0.00476231
0.06488685
0.02775741
-0.03403676
-0.07453013
0.02377791
0.06480286
0.01124812
0.03237458
-0.02335425
0.03859752
-0.01834419
0.03123412
-0.02359522
-0.04065417
0.06466596
-0.05386779
-0.04349479
0.02039642
-0.05378754
0.06629722
-0.01869942
0.00255499
-0.03196431
0.04889202
-0.00485346
0.03575498
-0.01812950
0.02121570
0.01419195
0.00613503
0.02916172
-0.08318438
0.04602221
0.04130007
0.02777088
0.01773702
0.04649971
0.08213615
0.02735621
-0.01535516
0.10748595
0.06249556
0.02807455
-0.08173874
0.06585801
0.00275394
-0.01296224
0.02198682
0.00798491
0.03205085
-0.06143405
0.08506940
0.04451512
-0.04103034
-0.01125574
0.01269509
-0.03791947
0.00484699
-0.03492913
-0.05697867
0.10571700
0.08992781
0.03858677
-0.01271742
0.02982903
0.03708789
0.10371328
0.06690012
-0.00856990
0.00087109
0.01826347
-0.02928290
-0.01801492
0.00567323
0.02283711
0.01960731
0.02507441
-0.01979452
0.00267702
-0.03684913
-0.00018985
-0.03046692
0.07136366
-0.00612600
0.08500104
-0.09417337
-0.05040103
0.06967404
0.04604436
0.07645791
0.01224249
0.02809379
0.04573657
-0.02444474
-0.00876313
0.04426669
0.04155832
-0.00541794
-0.04905122
0.04493225
