0.08944763
-0.00598062
-0.03193903
-0.04256735
-0.05149532
-0.04735966
-0.07006317
0.06329619
0.01077594
0.00967618
0.04518495
0.02239911
0.06101575
0.12894438
-0.01593065
0.04672467
0.01986241
-0.11846250
-0.04041072
-0.08924741
-0.07797036
0.06399640
-0.02021681
0.08054113
0.05628149
0.09804407
-0.00191980
0.11262845
0.08393599
-0.03906289
-0.09208816
0.11350118
-0.03738044
-0.08947624
0.04816542
0.04204836
-0.00754034
-0.09404605
0.04778375
0.05831228
-0.12070041
0.08972745
0.11348467
0.00223879
-0.02415071
0.01025371
0.03062571
0.00340029
-0.10892479
-0.00063032
-0.01339629
0.05197039
0.08983608
-0.00562907
0.04093419
0.01198706
-0.00816087
-0.04741977
0.07438976
-0.03388948
0.08471676
-0.06997684
-0.04487620
0.03092798
-0.01746291
-0.03709140
-0.06782117
-0.00460463
0.02423558
-0.08614551
0.08543120
0.01080137
-0.07409141
0.06345985
-0.07156337
0.02335844
0.06100346
-0.11425534
0.08007649
-0.07359871
-0.02461584
-0.00249735
0.02428932
-0.07946823
0.00443362
0.08351082
0.01170767
-0.01162162
-0.08541129
-0.07186965
-0.00324354
-0.03122133
-0.00983418
-0.11629370
-0.08389524
-0.13165703
-0.05514053
0.03320873
0.10267600
0.05227961
0.09749043
0.01655716
-0.06725594
0.01768028
0.01661528
0.06338281
0.00919915
0.07378774
0.08336859
0.11236352
0.10161387
-0.07017007
0.07949088
0.07194281
0.04098233
0.02919583
-0.00529657
0.01193805
-0.11350261
-0.04397087
-0.12572582
-0.04159130
-0.04065444
-0.03052574
0.01386027
0.09664182
-0.01964204
0.02779049
0.08743251
-0.03886236
0.00776981
-0.03536702
0.07964133
-0.07754806
-0.02246061
-0.09711254
0.02085316
-0.04670127
-0.01026468
0.07941918
-0.07127950
0.03695447
0.05101890
0.00777640
0.06393158
0.04941828
-0.12973283
0.04384992
-0.05120278
-0.03027956
-0.01138199
0.10102541
0.05624836
-0.09628027
0.06039498
-0.01044779
0.06141393
-0.06316392
0.00155209
0.01739153
-0.02043449
0.02833747
0.06712028
0.07672275
0.06829508
-0.03405092
-0.03981833
0.05271253
0.05209874
0.03501834
-0.10044887
0.02381404
0.01347902
-0.01605048
-0.02808953
-0.01624106
-0.05261954
-0.07776007
0.09121109
0.06386269
-0.01354629
0.11191183
0.02163152
-0.05043386
-0.03068276
-0.02158432
0.01209622
0.03172543
-0.03169472
0.04459880
-0.01300567
-0.00767319
0.00924609
-0.07926479
-0.07721364
-0.01147158
-0.05604373
0.04718977
0.02634065
-0.06733477
-0.05332937
0.08322650
0.07877122
-0.01841174
-0.06724142
-0.07636457
-0.04234987
-0.09240349
0.01851313
0.04533589
0.06094331
0.13028555
-0.01550359
0.06016266
-0.08801694
0.01985629
0.06176819
-0.06909716
0.12027484
0.14001967
0.04359039
0.05983027
0.09223176
-0.08511665
-0.03522740
-0.01836008
0.05205074
0.02058989
0.01002826
-0.10219463
-0.09318922
0.05560725
0.00069899
-0.02337521
-0.02318588
0.09664504
-0.00454686
-0.08771629
0.09965521
-0.09363060
0.11888538
0.02335621
-0.03015257
0.03449958
-0.00185811
0.05342776
0.03053110
0.03018753
0.03683527
0.04971465
0.06065824
-0.05108102
-0.05154266
-0.01081851
-0.11239628
-0.07931265
0.02605517
-0.04917569
-0.12411641
-0.04909980
0.04646688
-0.13629225
0.00960976
0.04795236
0.00818019
0.15632142
-0.11502898
0.13499752
0.04200501
0.10489605
-0.02423931
-0.07659778
-0.32719636
-0.06596424
0.01744378
-0.28056750
-0.12487113
-0.08252013
0.11704392
0.02664021
0.07253502
-0.10284398
-0.17502517
-0.13563953
-0.00693807
-0.06749716
-0.06974249
-0.07165429
-0.04606744
-0.13279562
-0.21903217
-0.07214628
0.10397526
0.05643991
-0.08544755
-0.18238671
-0.06177928
-0.05112185
0.00558865
-0.11689194
-0.04913386
0.11243589
0.21160953
-0.27317148
-0.07377491
0.10599878
-0.01155573
0.03625313
0.07315582
-0.11469246
-0.03540860
-0.16352402
0.14036237
0.09251374
-0.15890999
0.15943214
0.00302094
0.35275424
-0.01184303
-0.15440056
0.04315108
-0.06648434
0.01512239
0.03007311
0.01875758
0.03193574
0.03685746
-0.02102352
0.03242651
0.05596485
-0.01843172
-0.04981548
0.03497705
0.04724705
-0.00476998
0.07018125
-0.00346107
-0.03281636
0.02958313
-0.07697400
-0.05211543
0.06164436
0.02642944
-0.05989829
0.04423294
0.04333413
0.01037420
0.07699289
-0.02837178
0.03837357
0.00435895
0.07583932
-0.01254982
0.08258680
-0.00336999
0.03799991
0.04724488
0.04572824
0.07013977
-0.00967972
0.00496358
-0.04405444
0.05021052
-0.02879411
-0.04424274
0.03136496
0.01965331
0.02353801
0.02474931
0.07114781
0.02910173
-0.03788567
0.08724867
0.05006859
-0.04755268
-0.02077923
0.05426973
-0.01398371
-0.00798535
-0.02306232
0.00137846
-0.00083336
-0.04064986
0.02835811
-0.06516343
-0.08463343
0.05517678
-0.07027023
-0.01421668
-0.00217228
0.03236589
-0.05437712
-0.02975662
0.03561078
-0.06370377
-0.00321540
-0.00239781
-0.04487199
0.06007181
0.03734754
-0.02444843
0.05669934
0.01339500
-0.02474478
-0.00018934
-0.04658255
0.02492014
-0.03386172
-0.02141059
-0.06549766
0.05328553
-0.00934851
-0.02425731
-0.03828454
-0.09309738
-0.03895497
0.03383221
0.07265323
-0.00821229
-0.02139886
0.00855749
0.03386683
-0.02305746
0.00091440
0.00724274
-0.01912414
0.04475878
0.05672536
0.01006346
-0.08000918
-0.02107961
-0.01980545
-0.03106020
-0.06929602
-0.04697571
-0.01422803
-0.00172331
0.04201991
-0.06826578
0.01509644
-0.01026118
0.08609324
0.06256273
0.00186429
0.01264828
-0.01985496
0.05795869
-0.01057280
-0.01382855
0.08301771
0.04361644
-0.05373230
-0.01565696
0.02245163
0.03874044
0.02383206
-0.02490390
-0.02248780
-0.09781158
-0.04655743
0.02363113
-0.04025990
0.08569326
0.06316470
0.05601886
-0.02477982
-0.07309335
-0.04376753
-0.03575649
0.04776593
0.00419908
0.02816487
-0.04822011
-0.01380169
0.00641785
0.02578967
0.00764893
-0.07975125
-0.05648550
-0.01586434
-0.01682208
0.00412023
-0.06814770
-0.06198555
-0.05557305
-0.05549565
0.02758128
0.07066964
-0.00961867
0.04749951
-0.02941334
-0.02066303
0.04631694
0.03710105
0.07020321
0.06464366
0.03917760
-0.02308296
0.03263108
-0.00168400
0.07915623
0.00006898
-0.03386506
0.00775927
-0.01171137
-0.04983677
0.03642315
0.06985559
-0.03381297
-0.06082668
-0.03743080
-0.05311203
0.05174433
0.07609314
-0.05311308
0.07492334
0.01407253
-0.07768505
-0.05407843
0.06405514
-0.10866802
0.01173618
-0.00931082
0.05382187
-0.04705098
-0.00841672
-0.01136570
0.02667893
0.01126574
-0.02615996
0.07907650
0.00871442
-0.06609727
-0.00652188
-0.03727374
0.06041923
-0.03001527
0.02483448
-0.03834742
-0.03579932
0.03405823
-0.01636840
-0.02899364
0.00080481
0.00726215
-0.05653709
0.01485499
0.02368577
-0.02106969
-0.03850821
0.00028399
0.05255457
0.06227460
0.06334794
-0.04138367
0.04357303
-0.00114691
0.02070525
-0.02298820
-0.03257999
0.00597707
-0.01524460
-0.03815858
0.01944982
-0.04467715
-0.02227282
-0.05826077
-0.06584726
0.01826964
0.04743755
0.02508430
-0.07652315
-0.03272288
0.02174529
0.03197380
0.06332000
0.11189389
0.02446560
-0.05116608
0.01525316
0.09009480
-0.02825083
0.02003583
-0.02796988
-0.06542744
-0.03572198
0.00403494
-0.02090527
-0.02235081
0.00393599
-0.04831310
0.06820051
-0.03885315
-0.11407810
-0.05661873
-0.01378325
0.03593431
0.04622615
-0.00351560
-0.01750760
-0.03560027
0.08537229
0.03213886
0.01674173
-0.06151774
0.00393091
-0.02041441
-0.05730858
0.07782462
-0.04460312
0.02718953
0.02375335
-0.04681701
-0.03215728
-0.03827840
-0.04277831
-0.01755049
-0.01574840
-0.05016272
-0.03610357
0.08240797
-0.01937903
0.02396218
0.00243444
0.03675149
0.02329083
0.00161457
-0.02271393
0.00446219
-0.02255252
0.01527180
0.01015582
-0.01718685
0.00041657
-0.03641431
0.06878807
-0.00019276
0.01930405
0.03120480
-0.00729702
0.04203962
-0.01367721
0.04150908
0.02369379
0.06979158
-0.03095792
-0.01822336
-0.06038541
0.05441359
-0.03111859
0.02558842
0.05842612
0.04008637
0.04485758
0.08501120
-0.01242492
-0.06008142
0.06783142
0.07200453
0.00264116
-0.08223978
0.06084105
-0.05124613
0.03573875
0.03535530
-0.03851926
-0.01887421
-0.01629716
-0.00746792
-0.06662148
0.03848516
-0.03215221
-0.00177294
0.03225940
0.05631554
-0.04738963
-0.01267546
-0.02514125
0.01431240
0.07451119
0.01831492
0.03499053
0.12743372
-0.08718139
-0.05117190
-0.01682006
-0.04391894
-0.06189497
0.01718531
-0.05118075
0.00629075
0.00000019
0.07937090
-0.04308813
0.02483716
0.04863505
0.04884177
0.04064239
-0.03034837
-0.06179001
0.06034986
0.02088390
0.02568325
-0.04957367
0.00659123
0.10418142
0.02249996
-0.04502940
0.01846030
-0.01036899
0.01654081
0.09294433
0.02850523
0.01609641
0.04080125
-0.03803664
-0.01588893
-0.04129324
0.06635283
-0.04158577
-0.01583735
0.01247622
-0.00620313
-0.07315411
0.02359814
-0.01344704
-0.08779417
0.06009988
-0.01893018
-0.02127152
-0.08261943
0.01194107
0.04176431
0.01403692
-0.00811694
-0.07126344
0.04669387
0.03778171
0.00592373
0.02927006
-0.03641772
-0.02177570
-0.00266177
0.04954922
-0.05764754
-0.03490505
0.06451147
-0.05892425
-0.05386082
0.01726695
-0.04801450
0.06964616
-0.03475269
-0.02658206
-0.05440303
0.04140734
0.01162008
0.07223928
-0.03829079
0.03871066
0.05124575
0.02091557
0.00842062
-0.08363391
0.07339457
0.05962750
0.00824231
0.00726972
0.01570838
0.04935794
0.00993457
-0.04034698
0.06967989
0.01981420
0.02099371
-0.08711057
0.04914327
0.01175926
-0.02054181
-0.01367309
-0.01627573
0.01839496
-0.02591840
0.04558706
0.00952330
-0.02223391
0.03311937
0.04292193
-0.01256902
-0.02266902
-0.03381759
-0.03910355
0.04677687
0.06416892
0.00927024
0.03270565
-0.00290521
0.03914923
0.05473261
0.06321996
0.00593399
0.03531819
0.00460209
-0.04835116
-0.03400572
-0.01741671
0.03077251
-0.01094738
0.03849895
-0.01144454
0.03874832
-0.04332378
0.00319633
-0.01467637
0.07833662
0.00757599
0.06216760
-0.08072789
-0.08039994
0.04512614
0.03521761
0.08192722
0.02549222
0.00123274
0.02012929
-0.04523070
0.00107306
0.07222317
0.05745940
0.01601389
-0.05072714
0.06752305
