0.08078783
0.00775289
-0.02967947
-0.07879346
-0.04680090
-0.02899189
-0.04701958
0.05481866
-0.01823198
-0.05412958
0.07529429
0.03839613
0.05357260
0.09727959
0.03180944
0.06469273
-0.01879116
-0.08486902
-0.03140034
-0.05604637
-0.08458275
0.06105049
-0.03432401
0.08552291
0.08063561
0.07812240
0.01461082
0.12002516
0.07083134
-0.05797181
-0.06600784
0.13470191
-0.05045914
-0.08528329
0.06771614
0.01934743
-0.01625155
-0.07119120
0.01403077
0.06651391
-0.10249018
0.07124095
0.10574971
0.01162074
-0.04060929
0.00877467
0.03247758
0.03032497
-0.07743914
-0.03180011
-0.01188072
0.07016242
0.08913308
0.02291147
0.06909120
0.03951202
0.03155861
-0.06186374
0.07114629
-0.02807642
0.05576057
-0.06868608
-0.06523125
0.01636617
-0.04034845
-0.04829807
-0.07715573
0.00044689
-0.00645066
-0.06731331
0.09197249
0.01698337
-0.04900199
0.06952872
-0.03037385
0.03733951
0.03999284
-0.08352907
0.01251293
-0.08151581
-0.01629207
-0.01563893
0.01852791
-0.08528974
0.02314355
0.06013659
0.01911923
-0.02470598
-0.07952511
-0.05527372
-0.02831033
-0.02522623
-0.00928458
-0.08858844
-0.06150369
-0.10925665
-0.04088653
0.00446079
0.09380171
0.02787076
0.10566844
0.02167603
-0.05834983
0.02326490
0.06038848
0.06972605
0.03577780
0.09641524
0.07026987
0.12393538
0.06962714
-0.06713751
0.04509791
0.05592136
0.04241655
0.00824606
-0.00137378
0.05293782
-0.11241351
-0.06704194
-0.11923423
-0.03402748
-0.06386161
-0.04338671
0.03157167
0.08749039
-0.00583506
0.04775630
0.09756920
-0.04425380
0.01081513
-0.01488768
0.07792701
-0.05155522
-0.03386987
-0.08947946
-0.00050887
-0.05957158
-0.00763371
0.10968259
-0.09535290
0.05380581
0.08158615
-0.01859564
0.09306737
0.04408668
-0.09057529
-0.01111049
-0.05134460
-0.01776643
-0.05271343
0.10812492
0.07423947
-0.10876468
0.04551152
-0.04894974
0.02369688
-0.02441021
0.00708413
0.01903461
-0.05019813
0.02261727
0.03863801
0.09911396
0.08504186
0.00247353
-0.06433236
0.02049937
0.02933811
0.01002617
-0.08960486
0.03285493
-0.00494094
-0.00736937
-0.05091268
-0.03511624
-0.02364366
-0.08553526
0.10491743
0.08507648
-0.00288259
0.12450044
0.04645452
-0.07306797
-0.03674421
-0.05303366
0.05436987
0.01543497
-0.04222426
-0.01745497
-0.05883211
0.01730410
-0.00648167
-0.06451121
-0.05051823
-0.01595350
-0.07959541
0.02644782
0.07852643
-0.06183169
-0.05259096
0.06547908
0.10172512
-0.03301275
-0.11127482
-0.07873637
-0.06566064
-0.11482159
-0.00123381
0.02920531
0.08062118
0.13013752
-0.02691590
0.05363084
-0.07737962
0.00227971
0.03747306
-0.05236910
0.13269901
0.12974826
0.06209385
0.03114649
0.09322456
-0.08206523
-0.04178824
-0.02616126
0.07465977
0.03740799
-0.00119099
-0.07862424
-0.13121319
0.02134010
0.04020009
-0.04419347
-0.01315861
0.08627594
-0.04063117
-0.11789933
0.09824146
-0.10025880
0.08955979
0.05074818
-0.06619558
0.04149417
0.02580133
0.06493380
0.02412987
0.01600094
0.00740750
0.03951329
0.05811180
-0.04696663
-0.01360247
0.01374424
-0.10070888
-0.08563321
0.03525265
-0.03159206
-0.09137630
0.00750129
0.12233523
-0.06030710
-0.08808778
0.08305967
0.09178383
0.12485053
-0.09090926
0.01246479
0.10237530
0.11711645
-0.07602654
-0.12729020
-0.29979947
0.03512886
0.00909044
-0.23595242
-0.15834865
-0.06213349
0.14404304
0.08903468
0.05301057
-0.14550908
-0.21270455
-0.13207693
-0.09686418
0.04561044
-0.12336307
0.04375014
-0.10271358
-0.11114871
-0.23617114
-0.06905957
0.07150862
0.08810408
0.02916761
-0.16497749
-0.05589259
0.01572344
-0.02140038
-0.12917936
-0.00416812
0.07525258
0.18765186
-0.31596389
-0.04717824
0.13480160
-0.04816736
0.01198172
-0.02274380
-0.04645982
-0.09073910
-0.09914809
0.17209052
0.09057381
-0.13270308
0.09934883
-0.07848457
0.37593272
-0.02568559
-0.12268660
0.06351503
-0.07949050
0.02313993
0.03629359
0.03775955
0.02215811
0.03540785
-0.03475831
0.03049548
0.05741928
-0.00608062
-0.03411425
0.01937816
0.01696960
0.01223655
0.08022054
-0.01184681
-0.03490257
0.03417760
-0.07415366
-0.05454726
0.05884277
0.03413341
-0.06331543
0.03990006
0.02873087
0.00667353
0.07316142
-0.02582003
0.03654255
0.00726438
0.07133325
-0.01552784
0.07810076
-0.01852014
0.02812266
0.04128579
0.04380433
0.08632705
0.00464810
0.00755556
-0.04555120
0.07682544
-0.04373486
-0.05016903
0.04060711
0.01244217
0.02511325
0.04859409
0.05332471
0.04385989
-0.02816610
0.07942870
0.04567053
-0.06140599
-0.01100192
0.06296619
-0.00172144
-0.00102571
-0.02150119
-0.00482728
0.00489090
-0.04667893
0.03550365
-0.06779855
-0.07567856
0.05394983
-0.06577363
-0.01204699
-0.01511057
0.02253322
-0.04521014
-0.01742102
0.02741775
-0.05302291
-0.01686449
-0.00393661
-0.05061613
0.07304348
0.04373095
-0.00372069
0.07120430
0.00521650
-0.01024244
0.00183294
-0.02025004
0.03919923
-0.03113896
-0.02893191
-0.05728280
0.06936966
-0.01924699
-0.02632442
-0.00424478
-0.09924375
-0.05094550
0.02150928
0.10073337
-0.02037620
-0.02946133
0.01442667
0.04083945
-0.02110275
-0.01321925
0.02148052
-0.03011637
0.05164104
0.06202806
0.00437963
-0.06925809
-0.02530655
-0.01249464
-0.01309985
-0.07624212
-0.03820101
-0.02852449
-0.02237294
0.05062938
-0.06508700
0.01507916
-0.01754014
0.07778743
0.05977107
0.00251168
0.01737766
-0.04104161
0.04595569
0.00207183
-0.02350037
0.07564758
0.03381630
-0.05594090
-0.02257549
0.03482223
0.02909234
0.02855812
-0.02960003
-0.02352278
-0.09006864
-0.03182536
0.04568299
-0.04863781
0.08357242
0.06435993
0.04908741
-0.01459492
-0.04826434
-0.04363685
-0.04951968
0.03565330
0.02462053
0.01848766
-0.05195928
-0.01101958
-0.00124598
0.01783689
0.02052592
-0.09277656
-0.04058129
-0.01109673
-0.00165981
0.01715086
-0.05961109
-0.07335163
-0.06086999
-0.05297228
0.00572010
0.08551662
-0.00303339
0.03397253
-0.02866596
-0.03751683
0.04871676
0.05765273
0.07777997
0.07260095
0.05507059
-0.01174658
0.04253152
0.02286950
0.05992969
-0.00370745
-0.03420802
0.02538236
0.00101123
-0.06516381
0.06061259
0.07508223
-0.03686491
-0.04474396
-0.00715227
-0.05785454
0.04626600
0.07092030
-0.06369120
0.05355192
0.02818903
-0.07550669
-0.05984236
0.05750425
-0.09232198
0.00036541
-0.00899605
0.05194190
-0.03098151
-0.01135007
-0.00324617
0.01178410
0.00700768
-0.02476460
0.07067762
0.01755628
-0.04885918
-0.01977107
-0.03568912
0.05304806
-0.04216013
0.01880142
-0.02932963
-0.03410386
0.03042250
-0.02671987
-0.03880256
0.00492359
0.01982011
-0.04543181
0.02088642
0.02235097
-0.01577745
-0.04624434
0.00180530
0.07645066
0.05700653
0.04275305
-0.05569108
0.05092023
0.01223442
0.03068171
-0.03216790
-0.02284214
0.02236889
-0.00280269
-0.03455959
0.03847134
-0.05784509
-0.02015121
-0.04991354
-0.07019038
0.02094456
0.03014372
0.02624115
-0.07613502
-0.04441909
0.01713572
0.03796025
0.06349663
0.09056545
0.00839766
-0.05610749
0.00653260
0.08390749
-0.03590378
0.02145548
-0.03663701
-0.06832708
-0.03935613
0.00085245
-0.01072310
-0.01602909
0.00807488
-0.05497403
0.07349211
-0.03792140
-0.10315742
-0.04639806
-0.00115168
0.04741411
0.05801093
-0.00433892
-0.02510207
-0.03607491
0.07209481
0.04469594
0.00680252
-0.04644130
-0.00913236
-0.01072024
-0.06784111
0.06743324
-0.04664139
0.01420267
0.00933079
-0.05513516
-0.01529857
-0.01791859
-0.04549740
-0.00824155
-0.03008645
-0.05669706
-0.01700725
0.08248753
-0.00230287
0.03535537
-0.01559449
0.03355193
0.03151821
-0.00663543
-0.02710542
-0.01202335
-0.03166075
0.02612340
0.02005077
-0.04063024
0.01047681
-0.06063568
0.07504293
-0.00727613
0.03115359
0.03253238
-0.00710455
0.03206198
-0.01483009
0.04887491
0.05261705
0.07081317
-0.03957181
-0.01260524
-0.06170292
0.05257252
-0.01643425
0.02782722
0.04453683
0.03544747
0.03002530
0.10045301
-0.00874480
-0.05292961
0.06149495
0.07145745
0.01135347
-0.07278671
0.05526150
-0.04566128
0.05842191
0.01315029
-0.06087298
-0.00798212
-0.01948659
0.00480103
-0.05657557
0.04452268
-0.04499223
-0.01727767
0.02879080
0.03559327
-0.03518907
-0.01596097
-0.00846973
0.01040004
0.06144400
0.01699116
0.04458068
0.13014375
-0.07370041
-0.05010507
0.00526271
-0.04762306
-0.03614035
0.00115319
-0.05809787
0.00637693
0.02657662
0.07534121
-0.03351961
0.05432594
0.07474797
0.06185067
0.04728587
-0.03051027
-0.06681091
0.03605742
0.02485281
0.05276413
-0.04738023
0.03275776
0.09523205
0.01488401
-0.04070878
0.01870105
-0.04724597
0.01090293
0.10271949
0.04567111
-0.00736993
0.03078370
-0.02301449
-0.03447866
-0.01271660
0.04893941
-0.01855719
-0.00529474
0.00632143
-0.00167316
-0.07065958
0.02198290
-0.03328467
-0.08214238
0.06889171
-0.02582415
-0.02185386
-0.06893607
-0.00258324
0.03157619
0.01742208
0.01028456
-0.06587113
0.07294870
0.01764247
0.01638621
0.02485433
-0.03332358
-0.01369056
0.00863556
0.04698200
-0.05716247
-0.02486764
0.04040153
-0.03860355
-0.02615974
0.01014008
-0.06217530
0.05017022
-0.02945475
-0.00146281
-0.06705564
0.03021399
0.00660419
0.08935884
-0.03605383
0.03034225
0.04161642
0.01534723
0.00742460
-0.07919526
0.07926621
0.06073331
-0.01324097
-0.00035329
0.03515395
0.04754613
0.02205966
-0.02520437
0.09154198
0.01471896
0.03119269
-0.09367914
0.03982985
0.03451383
-0.02866817
-0.01774418
-0.00506444
0.02783017
-0.03578616
0.05670726
0.02448650
-0.01570578
0.03765561
0.04206264
0.00739192
-0.02191012
-0.04180637
-0.04971302
0.04445380
0.06810417
0.01413580
0.01109593
-0.01086331
0.04734525
0.04215873
0.04930505
-0.00248915
0.02421112
0.01726546
-0.03668435
-0.02273414
-0.00032945
0.02433872
0.00272153
0.00373154
-0.02503018
0.02675990
-0.02011711
0.01188273
-0.03641348
0.10097168
0.00355463
0.05092542
-0.08382692
-0.08165984
0.04232240
0.03789506
0.06432583
0.03833497
-0.00020364
0.01619754
-0.05551473
-0.00058376
0.04934177
0.05142165
0.01065486
-0.04364885
0.04805024
