0.05172553
-0.02824567
-0.03552152
-0.07489515
-0.01092311
-0.07280315
-0.06131605
0.09497176
0.03602564
0.02069110
-0.00399412
-0.01587264
0.03961104
0.10015183
-0.05048541
0.07146508
0.04399739
-0.13468455
0.00453322
-0.07436453
-0.07390825
0.06221477
0.01738817
0.11319173
0.06014120
0.05004986
0.04725558
0.08913901
0.07869782
0.02356407
-0.09697664
0.08509326
-0.02689696
-0.09795468
-0.00366035
-0.00071195
-0.01234856
-0.13545626
0.04785219
0.04457870
-0.11721231
0.08612317
0.07697321
-0.02678545
0.01496704
0.02392172
0.01610433
-0.02888795
-0.09190492
0.05872029
0.02376864
0.04560411
0.05916957
-0.02413966
0.03914811
-0.04024181
-0.02440953
-0.00807035
0.08410596
-0.00653484
0.09749942
-0.06831148
-0.05242718
-0.00092066
0.01072100
-0.05490853
-0.05637211
-0.01072431
0.04618876
-0.08783819
0.08941969
-0.01166962
-0.06560168
0.00391712
-0.09474432
0.05959184
0.03074213
-0.10494421
0.10114843
-0.07211807
-0.05390015
0.00229077
0.01598108
-0.02909745
-0.03050597
0.08820143
0.07194312
-0.02926753
-0.05859270
-0.08180920
0.03746019
0.00884172
0.01518356
-0.09263893
-0.06899501
-0.12863074
-0.05356516
0.05499253
0.07613247
0.06534303
0.09115887
-0.00182962
-0.04754325
-0.02107634
-0.01515707
0.06610809
-0.03494613
0.07195762
0.09696973
0.11487180
0.10497354
-0.08598439
0.03071470
0.06609051
-0.01177519
0.05932651
-0.05164292
-0.00643524
-0.09898940
-0.05463436
-0.13634048
-0.03369102
0.01333212
-0.02629698
-0.00896038
0.04277770
0.00210582
0.07761545
0.08053133
-0.05006274
0.04165727
-0.02334661
0.08710279
-0.12083144
-0.00622091
-0.04401741
0.03346183
-0.04346903
-0.05483312
0.04786240
-0.06042588
0.05412186
0.01588436
-0.04109914
0.07197694
0.04519039
-0.12732099
0.06974683
-0.07132824
-0.08631444
0.04485495
0.10428705
0.03681324
-0.12735268
0.07539188
0.00077591
0.06773368
-0.03943586
0.01677667
0.03443146
0.01941671
0.08018880
0.03986098
0.08701281
0.06840868
-0.05997707
0.01060074
0.08120479
0.04769745
0.09108921
-0.08373677
0.02907324
0.00583936
-0.01291242
0.02376208
0.01819619
-0.06679921
-0.03398916
0.09500976
0.04757601
-0.03794338
0.06999180
-0.05344311
-0.04114006
0.00581890
-0.04668864
-0.02952530
-0.00005428
0.00397249
0.06268173
0.02229167
-0.02041044
0.04621449
-0.09351327
-0.07955436
-0.01709699
-0.06387330
0.04291218
-0.01088375
-0.05193214
-0.04719479
0.01924033
0.07297517
0.01163305
-0.04878017
-0.03780927
-0.03884823
-0.09766401
0.07341672
0.08595228
0.02140652
0.10957561
0.02617054
0.08723456
-0.09108208
0.03134432
0.08949662
-0.07295521
0.11697508
0.12505563
0.04031251
0.07095492
0.07152641
-0.00050257
0.00159122
0.02631117
0.04456284
0.02323902
0.07231369
-0.09812527
-0.09356839
0.08338778
-0.01659729
-0.05068431
-0.05379284
0.10578617
0.01622998
-0.04871081
0.09316815
-0.08502822
0.10904493
0.01639796
-0.02824122
0.03972258
-0.06297737
0.05550363
-0.01748008
0.07313373
0.02681752
0.04242326
0.02109331
-0.01199022
-0.05700542
-0.03834505
-0.11632661
-0.06879847
-0.06153077
-0.03686671
-0.08703466
-0.01588147
0.05962832
-0.14789581
0.08070094
-0.01102361
0.03941261
0.06281811
-0.13407312
0.10558769
-0.03020076
0.07540701
0.01890699
0.08312067
-0.23445560
-0.06606900
-0.00310036
-0.25322443
-0.13297220
-0.02342724
0.14146903
-0.05958264
0.04502678
-0.14258297
-0.18673427
-0.17881578
0.05155890
-0.08762460
-0.02458889
-0.04245865
0.00560460
-0.00966620
-0.14044216
-0.05976253
0.15146233
-0.00536300
-0.13800250
-0.24763224
-0.16078381
-0.01999759
-0.07854725
-0.12345137
-0.05762245
0.18696816
0.27216712
-0.23420745
0.01151171
0.19641945
-0.09519033
0.09170862
0.09767812
-0.16389808
-0.02786980
-0.20696332
0.06232638
0.02105403
-0.15479162
0.04376705
0.08950074
0.31100044
0.04237408
-0.15721393
0.07100509
-0.05514094
0.00900248
0.03618772
0.02692400
0.03702781
0.01848613
-0.00470206
0.03964665
0.02991060
-0.02201158
-0.05074616
0.02775100
0.05084443
0.00776847
0.05106962
-0.00255781
-0.05509633
0.04568548
-0.07318881
-0.06194848
0.05912497
0.03244103
-0.05922715
0.01843368
0.04045629
0.01508609
0.07564369
-0.01259959
0.03178969
0.01145915
0.06949764
-0.01549312
0.07959265
-0.03422560
0.03726749
0.04190525
0.05715300
0.08519102
0.00430092
0.00606638
-0.04083483
0.04451564
-0.02890562
-0.04492062
0.01899945
0.01069460
0.01587045
0.01615341
0.07984382
0.03460681
-0.02563204
0.09107946
0.05087246
-0.05574380
-0.02055221
0.07700122
0.00245931
-0.01948818
-0.00957900
0.00679637
0.00722977
-0.05832572
0.02126035
-0.06487621
-0.09205741
0.05896536
-0.07398485
-0.04069230
0.00526913
0.03419731
-0.07337125
-0.01930762
-0.00332318
-0.05004695
0.00139110
0.00771276
-0.04094795
0.06111913
0.01973553
-0.01771433
0.05783807
-0.01505437
-0.01117148
-0.02276907
-0.05172572
0.04304399
-0.02614576
-0.02066720
-0.07688747
0.06556083
-0.01852477
-0.02309202
0.00003423
-0.09487263
-0.02176798
0.02897582
0.07077274
-0.01357167
-0.01311864
0.01631144
0.02864234
-0.00011665
0.00960367
0.00643266
-0.02110521
0.03958055
0.05483678
0.00897514
-0.07709182
-0.00899631
0.01260283
-0.04441023
-0.07620820
-0.05939595
-0.01603788
-0.00386243
0.02971905
-0.04922854
0.01358473
-0.01382368
0.07784870
0.04463729
-0.01472252
0.01278123
-0.00768521
0.04544798
0.00537451
-0.04598921
0.08178474
0.04666115
-0.05581866
-0.01268632
0.01838339
0.01250591
0.03054173
-0.03936654
-0.03135160
-0.11734157
-0.04501335
0.04166157
-0.03443285
0.08347181
0.05927244
0.06522506
-0.03152357
-0.07308752
-0.03253850
-0.04806687
0.04202334
0.01042453
0.04583939
-0.04373800
-0.02154618
-0.02174931
0.04702592
0.00863493
-0.05260992
-0.05023684
-0.02313486
-0.00344047
-0.00911799
-0.05242012
-0.06964830
-0.05218270
-0.05047361
0.00614582
0.06119070
-0.00051732
0.05494832
-0.02327120
-0.03740126
0.03029422
0.05183475
0.06245676
0.06295904
0.03736106
-0.02270253
0.05451390
-0.00504336
0.06689479
0.00264544
-0.02438470
0.03336331
-0.02640104
-0.04508825
0.02751201
0.06542636
-0.02585226
-0.05491015
-0.01468883
-0.05973956
0.04124768
0.04584257
-0.04902840
0.08010740
0.00994098
-0.08712302
-0.03312749
0.08847010
-0.10955870
0.01523780
0.01460909
0.06221224
-0.05317080
0.00150614
-0.01085738
0.02907294
0.00542609
-0.03959348
0.05666832
0.00028542
-0.08558060
-0.01656055
-0.01577808
0.05052863
-0.04548152
0.02332157
-0.04607438
-0.03020016
0.02881045
0.00844911
-0.04733567
0.00182502
0.00717028
-0.05149773
0.00425670
0.03614275
-0.00944909
-0.05104620
0.00433320
0.06656825
0.05254920
0.06027033
-0.04659935
0.05061705
0.01190081
0.01778975
-0.02933360
-0.01021832
-0.00431071
-0.02964827
-0.03776459
0.03016642
-0.03287125
-0.02241313
-0.05116090
-0.08053745
0.00847388
0.02786692
0.01991763
-0.07345992
-0.02659651
0.02923362
0.04097987
0.05370384
0.11451934
0.00725696
-0.04437433
0.01188685
0.09546567
-0.02117717
0.01076061
-0.03496384
-0.07095561
-0.05787506
-0.00973127
-0.00445389
-0.00823766
0.01387232
-0.04490304
0.06582315
-0.04566738
-0.11107145
-0.06894477
-0.00117474
0.02819142
0.04142618
-0.00539452
-0.00488710
-0.05019059
0.08476513
0.04887651
-0.00710452
-0.05017832
0.00930651
-0.02158475
-0.06373299
0.09302415
-0.04968565
0.02332844
0.01311254
-0.04576920
-0.01906572
-0.02833498
-0.04003649
-0.01112921
-0.02378286
-0.03486985
-0.01958853
0.08121476
-0.02511011
0.01999685
0.01652421
0.03496653
0.01577824
0.02065604
-0.02302137
-0.00948881
-0.03296429
0.01067856
0.01465206
-0.02760470
-0.01899075
-0.02501833
0.07516441
0.00894434
0.02505899
0.02917147
0.00781813
0.03722522
0.00265405
0.03546105
-0.00397978
0.07410869
-0.02192844
0.00518606
-0.05223615
0.05308500
-0.01860877
0.01275370
0.05538430
0.02534180
0.02516701
0.09128382
-0.02584270
-0.05658933
0.05577376
0.06900306
0.00048534
-0.07384881
0.04450649
-0.05223094
0.03369566
0.04065287
-0.02899385
-0.02862934
-0.02612237
0.01232085
-0.06075844
0.05199423
-0.04108158
0.00297323
0.05102737
0.03177634
-0.03521257
-0.02326548
-0.01072399
0.01837660
0.08447313
0.02039433
0.04295701
0.11307570
-0.08308055
-0.04896920
-0.02656035
-0.03473541
-0.00796150
0.01390366
-0.04672853
-0.00388096
-0.00579656
0.09820776
-0.04218746
0.01837799
0.05412789
0.06277505
0.03179735
-0.01861892
-0.05391276
0.04420073
0.03191364
0.01491086
-0.07127152
0.01360390
0.11849820
0.02153650
-0.01726216
-0.00976073
-0.00538600
0.01134785
0.08585652
0.03084773
0.02301705
0.01906072
-0.06284115
-0.00670714
-0.02879358
0.04427677
-0.04390527
-0.01240978
0.02546391
0.00358726
-0.06484951
0.03295373
-0.00955189
-0.06152099
0.05395193
-0.02493071
0.00575358
-0.07156836
0.02773595
0.04851005
0.03076913
0.00050035
-0.06812041
0.03866763
0.03189099
-0.00814131
0.02642210
-0.02755716
-0.01174306
-0.00508201
0.06404208
-0.02402517
-0.05553303
0.08028369
-0.08538574
-0.06390630
0.00530355
-0.04250241
0.07853103
-0.03800746
-0.01284560
-0.08132944
0.04090658
0.00319353
0.08432630
-0.02823841
0.02063487
0.03299874
0.02456368
0.02243973
-0.07512729
0.06371521
0.05228371
0.01867302
0.01526521
0.00794516
0.05498813
0.01348950
-0.05349692
0.06816795
0.02542800
0.00912041
-0.08896272
0.06185389
0.00285879
-0.03096680
-0.01298402
-0.02132684
0.01002359
-0.05025233
0.05926675
0.02660273
-0.02147372
0.02727631
0.05019373
-0.02094706
-0.01123615
-0.04059997
-0.04984359
0.06276780
0.06482872
0.01483553
0.01463012
-0.01020821
0.02908636
0.05307160
0.06661679
0.01585142
0.01511591
0.00152203
-0.06689050
-0.04804422
-0.00141544
0.02864480
-0.01594758
0.01972999
-0.01957489
0.01824997
-0.00774084
0.00651071
-0.01552739
0.06090885
0.01055928
0.07080022
-0.09066222
-0.07386483
0.05318867
0.05032999
0.07678398
0.01654031
0.00527876
0.02306537
-0.02919700
-0.00611451
0.06495903
0.05100464
-0.00508764
-0.06024311
0.04966509
