-0.03346989
0.09805570
0.00034853
0.09972267
0.01072933
-0.01431596
0.09784348
-0.03337053
-0.01115069
-0.00523122
-0.00579631
-0.06513145
-0.00718988
-0.08802009
0.01029140
0.01148679
0.07215612
0.13173881
0.08881094
0.09477247
0.06770042
-0.03515944
0.02998086
-0.00323109
-0.05898187
-0.09160297
0.00969303
-0.08330712
-0.08837838
0.00144255
0.04351271
0.01685708
-0.02053959
-0.00171265
0.01833398
-0.03274208
-0.02270976
-0.02061486
0.11287831
-0.09920059
0.04863582
-0.04609123
-0.05353212
-0.10482879
0.04342682
0.00744675
-0.06284767
0.06453761
0.07209797
-0.06645164
0.08098423
0.00459218
-0.02613927
-0.09945094
0.04314520
0.00396322
-0.11993031
0.02316661
-0.02828216
-0.05636860
-0.12139113
-0.05443938
-0.00033035
0.03462709
0.12218578
-0.09697501
-0.00594335
-0.02186477
-0.09843758
0.04647719
0.00397378
-0.04390560
-0.04713053
-0.00395223
0.03389129
-0.07158569
-0.00256263
0.05211321
-0.04206974
0.07087673
0.05364996
-0.02459677
0.08757548
-0.01953053
-0.06761838
0.01335399
-0.00702693
-0.01395442
0.12929606
-0.10025144
0.09248301
-0.09177276
0.02473843
-0.06071802
0.11441073
-0.00710378
0.03499755
0.05919832
-0.04954037
-0.03368774
0.02287020
0.05578233
-0.11418644
-0.08698931
-0.02059072
-0.09273025
-0.11480305
-0.04404986
-0.04402606
0.01552774
-0.10662784
0.08510277
-0.10411498
0.04968909
-0.07153054
-0.09590418
0.02206561
-0.02828030
0.10195043
-0.02123106
0.13547100
-0.00389652
0.05799713
-0.01831354
-0.05311932
0.04868776
0.05139640
0.02694628
-0.10461044
-0.05923387
0.03997801
-0.00305549
-0.08278985
0.04471307
0.02764826
0.06612485
-0.07051472
-0.01222634
0.02876586
-0.04457197
-0.02544639
0.10630994
-0.09376513
0.05127864
-0.10123546
-0.06356794
0.08250429
0.03811963
0.00281514
0.03837290
-0.03550144
-0.04239573
-0.08828513
-0.04969198
-0.03611285
-0.07170078
-0.05582872
0.07816707
-0.00332795
0.02033233
-0.00619405
0.05217887
0.00749706
-0.04694408
0.01201957
-0.05611980
0.09200505
-0.04462815
0.03283393
-0.04333946
0.01637697
0.09135690
0.14502563
0.02577396
0.01725491
-0.08215733
0.02777910
0.10127717
0.04933992
0.03025879
-0.07270155
-0.03200632
-0.00976737
-0.04388710
0.09822313
0.10343542
-0.10301740
-0.05497617
0.00841591
-0.00190561
0.06750494
0.09601895
0.11371559
0.04528578
-0.03493182
0.03607782
0.08320256
-0.08959333
0.00288337
0.01952530
0.06673172
-0.00141654
0.10556181
0.05040059
0.09035786
-0.00651505
-0.03390618
0.01430493
-0.00369895
0.05995235
-0.02590221
-0.05342609
-0.04436338
0.03072378
0.07717633
0.02520061
-0.09044046
-0.04509464
0.07789651
-0.06716184
0.04591604
0.02316498
-0.10737985
0.00380262
0.05137411
0.00048662
-0.03020125
0.00474681
-0.01055497
0.13755855
0.12233403
-0.03153129
0.03780730
0.06667044
0.02652142
-0.06467523
0.08429215
0.04244772
-0.06369074
0.06242774
-0.01287230
-0.02932926
0.02291289
-0.06874821
-0.05495211
0.03154422
0.08877942
0.07811367
-0.02834712
-0.00499788
0.04967417
0.08885884
0.04208938
0.02026886
0.13164303
0.02413952
-0.01209976
-0.12704663
-0.01795248
0.11735847
0.12298153
0.03795941
-0.17865069
0.11628678
0.10562892
-0.01357728
0.03189313
-0.10561939
0.06124402
0.12031534
-0.00618501
-0.01070499
-0.19278775
0.10269473
0.03314400
-0.22171269
-0.07329203
-0.09055375
0.15026699
0.02432200
-0.04923666
-0.10092114
-0.26872736
-0.19063669
0.02613943
0.14773151
-0.16126116
0.11408788
0.05141804
0.02125484
-0.15875861
-0.20737499
-0.02781040
0.10617114
0.14369637
-0.23188972
-0.09428559
0.05191724
-0.05823165
-0.16029659
-0.04713258
0.06986076
0.17071584
-0.27989754
0.03733633
0.16174258
-0.03871517
0.07873252
-0.09319177
-0.14430767
-0.08854059
-0.08513802
0.07818202
0.07613137
-0.12897307
0.16039513
-0.04887971
0.28502992
0.03958223
-0.12635136
-0.07511480
0.05719420
0.03231756
-0.02954018
-0.02296979
-0.01704895
-0.03206299
-0.02986676
-0.01270193
-0.03231885
-0.03911552
0.04211037
0.02468881
0.01701841
-0.00040482
-0.07252163
0.08546071
0.00764270
-0.05560936
0.06549218
-0.05258467
0.03145440
0.01197301
0.02283066
0.02802634
0.08479595
0.01607730
0.07637103
0.07920638
-0.00318684
-0.04328112
-0.06288143
-0.02745577
-0.07166016
0.05903779
0.01883084
0.11098183
0.03199152
-0.02432501
0.00058901
0.01165151
0.00487529
-0.04557049
0.04406076
0.06116837
-0.00307250
0.04925708
-0.03500782
-0.01924264
-0.04850433
-0.03052711
-0.01320563
0.01662485
0.00360508
-0.01410878
-0.00848255
-0.02331418
-0.04167921
0.09042653
-0.06010725
-0.03027647
-0.02003029
0.02808795
-0.05375908
0.10537542
0.09198564
-0.04614009
0.02540880
-0.04205716
-0.01044465
-0.04114478
0.07500551
-0.00437895
-0.03302222
0.04122636
-0.03901432
0.06100368
-0.00151722
0.07003050
-0.02234461
-0.03675267
-0.01739106
0.07159181
0.01992884
0.07335553
-0.07330743
-0.06275123
-0.03606424
0.03650570
0.04018594
-0.06097194
-0.05859276
-0.01741567
0.03629617
0.04467716
0.10566237
0.01692553
-0.03504495
0.01569634
0.05638532
-0.09867215
0.02940585
-0.04049811
0.05925345
-0.01999939
-0.07711509
-0.05625276
-0.05024973
0.01441611
0.02703867
0.05183166
0.03351077
0.00170486
0.02182641
-0.04962666
-0.04912025
-0.04189700
0.01451258
0.00037967
-0.05849466
0.04480611
-0.06428950
-0.11726681
-0.02708112
-0.08001752
0.06187050
0.05894518
-0.02675282
0.05398292
0.00130963
-0.03094834
0.02984033
0.02337981
-0.07749084
0.08695983
0.03594683
0.03209221
0.04378819
0.04246958
0.02345610
-0.03353736
0.00225054
-0.05036941
-0.05227808
0.00355006
0.04519655
0.01421284
0.00832405
-0.07205757
0.06827935
-0.03791032
0.04130582
0.12408256
0.04884887
-0.03530025
-0.01392910
-0.01304299
-0.05654326
0.01754965
0.06115524
0.00649312
-0.01807499
0.01345168
0.05283295
0.02175611
-0.00025218
0.04179712
-0.01595801
0.01656456
-0.12872875
0.01578163
-0.00363224
0.10206843
0.04265984
-0.00985731
-0.05776607
0.04347124
0.02739399
-0.06567969
-0.00897048
-0.06120189
0.08578444
-0.00302393
-0.01807209
-0.01446125
-0.02230306
-0.02122863
-0.01065754
0.01488782
0.01631534
0.00519092
0.03662773
-0.03405776
0.01929874
-0.00295890
-0.00857820
-0.02520387
0.03924659
0.04337893
-0.03555763
0.08020315
-0.00786394
0.00166941
0.00538734
-0.04864212
0.04425562
0.07544571
0.08451975
-0.00776044
0.10374350
-0.00973280
0.02880255
-0.01660525
0.02325293
0.01169347
0.03933505
0.05876227
0.04050414
0.05473770
0.03716066
0.00006474
-0.01862900
0.10358141
-0.02264979
-0.03629203
-0.01372539
0.02347663
0.00718219
0.04777361
0.02846075
0.00043793
-0.13749859
0.03694653
0.03334492
-0.05643835
-0.02230247
-0.03954959
0.03695585
-0.03340443
-0.00442113
0.04661791
-0.03342314
0.00099740
-0.00935493
0.07855839
0.01859306
0.01365947
0.07564365
0.02134733
0.02877859
-0.00719084
0.06059889
0.03813115
-0.01237890
-0.00622497
-0.04173031
-0.00653944
0.00660940
0.01838592
-0.03969920
-0.02906691
0.06416087
0.01120017
0.02297456
-0.01789518
-0.04810679
0.04630365
0.05584430
0.02197549
-0.06368739
0.02543564
-0.06869285
0.03161856
0.07472809
-0.00975398
-0.01910995
0.06514035
-0.02776812
0.01781247
-0.00165079
-0.00599250
0.00230132
0.01111490
-0.00312566
0.00443124
0.03582827
0.02230217
-0.03998319
0.00880759
-0.00569171
-0.05649783
-0.04892680
0.03370662
-0.05366676
0.09241594
0.03877899
-0.00922521
0.05006612
0.05454240
-0.04137367
0.01889593
0.01332795
0.01158466
0.04240303
0.00336343
-0.04448726
0.02522678
0.12271190
0.01138198
0.00748717
-0.01664187
-0.02704157
0.03008239
-0.01480653
0.05289645
0.02896065
0.10513724
0.00056958
-0.04299122
0.03506615
-0.02115581
-0.02809709
-0.03831350
-0.04245699
-0.07264327
0.03865315
0.04504695
-0.00718491
0.00297148
-0.09756552
-0.00203790
0.04269616
-0.04432436
0.01195820
-0.05041814
-0.03005734
0.09247185
0.01560015
-0.00540711
0.01277618
0.08422497
0.00825057
-0.07272348
-0.06178286
-0.03723828
0.07152286
0.05404837
0.02046644
-0.01733412
0.02975586
0.00095173
-0.04593355
0.03534067
-0.02680194
0.07282407
-0.05326116
0.04108857
-0.03311437
-0.00145091
0.00031779
0.02754316
-0.04709462
0.01616440
-0.02874639
-0.00011731
-0.01282470
0.00625905
-0.02401203
0.06592093
-0.01862378
0.01739329
-0.06119123
0.02251545
-0.00298919
-0.06063676
-0.01239936
-0.03483849
-0.03949006
0.01177579
0.06138980
-0.05499646
-0.01384179
0.01091418
-0.02981680
0.00483713
-0.03369356
0.02112523
0.05251687
0.00609592
0.09404383
-0.03255761
-0.02708332
-0.05737302
0.06173119
-0.00634680
-0.04572208
0.05352728
0.00790157
0.03343333
-0.00591693
-0.05465612
0.01038638
-0.03981660
-0.04059654
-0.00390567
-0.08400770
-0.03197705
-0.07247971
-0.05441118
-0.00811434
0.12081557
-0.06783777
-0.05318919
-0.05288003
-0.03399850
-0.01549579
-0.05316839
-0.00372484
-0.04926995
0.02227232
-0.03527335
0.00916006
-0.00353200
-0.02099887
0.00327250
0.00273816
-0.00348036
0.05853846
-0.01033424
0.02512574
0.03728075
0.00793797
-0.04051477
-0.03481599
-0.02696420
-0.04341458
-0.01031772
-0.00653596
-0.03908732
0.00480873
0.00633260
0.02912492
-0.01912327
0.09207734
0.02928611
-0.07952803
-0.00087362
-0.03705907
0.01429028
-0.06480413
-0.03080874
0.04939087
-0.03379738
-0.02377181
0.02372042
0.02753884
-0.08018739
-0.03004398
-0.00723942
-0.01474031
-0.04851315
-0.02947911
0.08102013
-0.04540617
-0.01300852
0.03082173
0.08366306
0.04951549
-0.03474239
0.00398285
0.01009716
0.04995048
-0.01243920
-0.03675623
-0.02212401
-0.02253473
0.01193591
-0.06356292
0.02463636
0.02497029
0.01316332
-0.01079921
0.00392078
0.00186696
0.06292466
0.05372162
-0.03113328
0.02003293
0.04409419
-0.06521931
0.01260774
0.06136123
-0.00792015
0.05765544
-0.06929897
-0.00739780
-0.03920653
0.04234754
0.03017505
0.00767558
-0.01040634
-0.00781268
0.05075514
0.03736842
-0.00856482
0.04018652
-0.02863845
-0.06148110
0.04325362
-0.00514309
0.03536917
0.06794553
