0.07218643
0.05397832
-0.04218895
-0.09591908
-0.01029767
-0.03009433
-0.04084135
0.03735564
-0.01931256
-0.08712658
0.08487275
0.05431699
0.10123798
0.04650639
0.01840772
0.08259296
-0.03955228
-0.03106504
0.02150227
0.00945989
-0.08592866
0.02659170
-0.03428959
0.05285615
0.06415644
-0.03728942
0.07735856
0.11745860
-0.00460304
0.00813887
-0.03337946
0.12443542
-0.02988206
-0.08241186
0.09139086
-0.01396693
-0.02854125
-0.02035819
0.00510492
0.00788445
-0.11587615
-0.00059382
0.05764511
-0.02605635
0.00618975
0.03359602
0.01942210
0.02442104
-0.00332630
-0.01185875
-0.00505324
0.09916008
0.06560940
0.07531513
0.05332749
0.00751847
0.02821133
-0.03039713
0.05518343
-0.02222512
0.00165987
-0.08416618
-0.11130922
-0.06021834
-0.00399345
-0.08557639
-0.08991677
0.01072475
0.00533538
-0.05233259
0.09012289
-0.01696119
0.01195808
0.02105800
-0.02193353
0.02851254
-0.01534955
-0.05413593
-0.01548302
-0.04836212
-0.04128207
0.01241838
0.01557559
-0.09566640
0.02167013
0.09322268
0.06501743
-0.07977173
0.02047421
-0.07374617
-0.00217592
-0.01825193
0.00037283
-0.02352835
-0.00114430
-0.13606428
-0.04216688
-0.03570385
0.04791165
0.00366788
0.13543218
-0.00192958
-0.04667828
-0.05792378
0.02843394
0.09610388
0.03658970
0.11550789
0.04923462
0.14042424
0.03675615
-0.01473797
-0.02836400
0.06220517
-0.02509012
0.01549101
-0.02444904
0.06745476
-0.08475205
-0.09076816
-0.08267318
-0.03106633
-0.01578192
-0.06715313
-0.01665412
0.03521194
0.07840164
0.09130387
0.05862764
-0.07558209
0.00086345
0.04309424
0.02455791
-0.01132394
0.04230397
-0.05418418
0.00803094
-0.07058597
-0.01511151
0.13723543
-0.05869555
0.08885319
0.05605178
-0.08669754
0.11764936
0.03589443
-0.02073858
0.04359023
-0.03680299
0.00441029
-0.02449294
0.08590841
0.06006777
-0.12409576
0.05890516
-0.07432754
-0.05054000
0.00369416
0.00747665
0.00905694
-0.01417890
0.04687876
-0.01485145
0.09381192
0.08468813
-0.01944435
-0.00117366
0.02887859
0.05172072
0.04210465
-0.08424492
0.05186845
0.04395770
0.02036713
-0.04660174
-0.02690429
-0.03367667
-0.00289925
0.13513543
0.10649348
-0.01738039
0.13703421
0.01115186
-0.07081433
0.04283091
-0.07904757
0.01648995
-0.04217004
-0.05611031
-0.03465574
-0.07896281
0.05708093
0.00271648
-0.07152120
-0.04590491
-0.04695147
-0.06101360
-0.01136681
0.08043472
-0.05630044
-0.06457554
0.04650753
0.16955471
-0.03883341
-0.11333432
-0.04550320
-0.08175331
-0.14819232
0.00205800
0.03866903
0.10985441
0.13491672
-0.02361549
0.04707306
-0.07689761
-0.01549656
0.00993231
-0.10518335
0.13388948
0.10228477
0.03389726
-0.01380961
0.07668082
-0.04006139
-0.03286609
-0.00846653
0.06865384
0.05253965
-0.00459648
-0.09867106
-0.14846313
0.04226551
0.07795814
-0.02526631
-0.04571358
0.05452966
0.00613255
-0.15928951
0.06758425
-0.11319416
0.03575426
0.05224738
-0.09272411
0.06178638
0.04125840
0.10060956
0.03683996
0.07158896
-0.02672025
0.01402147
0.03254183
0.00018293
0.01844000
0.03429594
-0.05163008
-0.05058256
-0.00661908
0.00203468
-0.13932586
-0.11128154
0.10802783
-0.08859857
-0.01198693
0.08466634
0.10843330
0.10355937
-0.15566707
0.00121614
0.09641717
0.18391953
-0.09015237
-0.08606383
-0.32113504
0.03175234
-0.02791175
-0.21326369
-0.10220160
-0.01629142
0.10123686
0.02254750
0.09193115
-0.11692789
-0.19718434
-0.07814451
-0.02500071
-0.03676067
-0.13912544
0.00410961
-0.12398374
-0.16335912
-0.22489311
-0.04373858
0.09331971
0.02921906
-0.03187208
-0.14052263
-0.01536293
-0.06714090
0.01191275
-0.05306040
-0.01364812
0.05605211
0.23594385
-0.30765235
-0.07132699
0.05106639
-0.08153866
-0.01073297
0.08145155
-0.02455219
-0.00815541
-0.17481992
0.15317972
0.03313356
-0.21698768
0.06566309
-0.09177449
0.37561759
-0.10595528
-0.01963288
0.01161259
-0.10326738
-0.03058440
0.05854128
0.03903091
0.02394615
0.00593221
-0.09979317
-0.00109507
0.11512138
-0.03137812
-0.02219717
-0.05607718
0.03860329
-0.02727415
0.00810630
-0.07082010
-0.00484059
0.06229436
-0.01732386
-0.05484167
0.03757470
0.01685755
-0.01069496
0.02258095
-0.04616729
-0.02319413
0.04493345
-0.05845860
0.09132811
-0.01320957
0.09789418
0.04001958
0.11458929
-0.01343600
0.00748694
0.03306206
0.01412666
0.03666239
-0.06999884
-0.04233843
-0.08634944
0.02629716
-0.05573311
-0.00674294
-0.05012763
0.02973206
0.09937517
-0.01192587
0.05388131
0.00654364
0.01289060
-0.00857013
0.03061547
-0.04096362
-0.05636783
0.05521991
-0.00718878
-0.04941865
-0.01254552
0.01101260
-0.01299986
-0.00435179
0.03908802
-0.02585317
-0.08669394
0.00120169
0.02666135
0.00926718
-0.00195127
0.01643495
-0.03904972
-0.04183245
0.05265166
-0.05277126
0.05390094
-0.00744524
-0.08623896
0.03062344
0.06962160
0.02302844
0.02634469
-0.02822113
-0.01127350
-0.00117188
0.01364297
0.01532645
-0.07388549
-0.04329064
-0.01480934
0.00624059
-0.03009951
-0.01057653
-0.01165996
-0.07275302
-0.10245151
-0.01694803
0.02520375
0.01927836
-0.00391168
0.03145504
0.00058712
-0.01744656
-0.07932523
0.00883288
0.00946227
0.02979302
0.02826034
-0.03085394
-0.00786423
-0.08057123
-0.04792415
-0.01992873
-0.03310854
-0.03884056
-0.03260360
0.02116960
0.00770009
-0.01199157
0.04040780
-0.01931846
0.05430085
0.04878382
-0.01147242
0.07117322
-0.05103572
0.05068253
-0.00224272
0.01069900
0.04212457
0.00770393
-0.08344419
-0.02059407
0.08150566
-0.00312338
0.02717369
-0.03566997
-0.00355755
-0.05946316
-0.05772752
0.01736277
-0.01158998
0.01360306
0.05220931
-0.00831046
0.02678299
-0.07421778
-0.08507571
0.02680856
0.04451567
0.05758756
-0.09246516
-0.02424863
-0.03648782
0.04976696
0.01437471
0.04130689
-0.02257402
-0.00244838
-0.06658133
0.03365339
0.02017792
0.00082257
-0.07909437
-0.05681695
-0.11375166
-0.01829808
0.08192278
-0.01780935
0.10307281
-0.02942385
0.02014097
0.00536375
-0.00436052
0.05293589
0.06294066
0.00451225
-0.06534594
-0.01842141
0.00231403
0.05552933
-0.09220440
-0.04669734
0.01537092
-0.06539328
-0.02204438
0.00266115
0.04363064
-0.04545785
-0.10830005
-0.00464183
-0.04468177
0.10840980
-0.02526394
0.00352189
0.06499772
0.04478418
-0.08434306
-0.00803370
-0.00292560
-0.02885527
0.02440639
-0.03011318
-0.02388320
0.04016937
-0.05585599
-0.10561093
-0.04439129
0.01276725
-0.04684046
0.07193451
-0.06378200
0.04117408
-0.00846820
-0.01965132
-0.05624426
-0.03705069
-0.04085567
-0.04381188
0.00635981
-0.01224600
0.01512120
0.00036077
-0.00648544
0.02412968
-0.01599785
0.00895327
-0.04520388
-0.02054334
0.04518421
-0.02404380
0.08163108
-0.00935968
-0.00944199
0.03360015
0.02892539
-0.02575903
0.01147478
-0.00157114
0.00694272
-0.02827014
0.02325117
-0.01214850
0.06020470
-0.06226542
-0.00901445
-0.02299169
-0.06223792
-0.01565320
0.02584762
0.01510530
-0.07979824
-0.05425510
0.01157429
-0.01624846
0.03923859
0.06795470
0.05356286
0.00522530
0.03029637
0.04936650
-0.00028067
0.02062486
-0.10674225
-0.01778714
0.06107303
0.06211371
-0.07933974
-0.04088571
-0.01528133
-0.03914269
0.04983000
0.03777658
-0.05734823
-0.06994008
0.00497059
0.06555121
0.03364529
-0.02237029
0.04946193
-0.03231838
0.04000854
-0.00395920
-0.00070018
-0.00490037
-0.01599290
-0.04028925
0.01283240
-0.00238970
-0.00240232
0.01723577
0.00277756
0.02856264
-0.01903700
-0.08696416
-0.06046612
0.03310292
0.07190837
-0.04214361
0.00011665
-0.01479254
-0.03503199
0.00440923
0.02389727
0.01991820
-0.00531415
0.02011980
0.00823639
-0.01191515
-0.01874345
-0.01908024
-0.01976851
-0.03890618
0.05524861
-0.03874631
0.03920846
-0.06091313
0.00810826
0.02381058
0.01538086
-0.00847042
-0.00605352
0.02899558
0.04992054
0.02814482
-0.07102889
-0.03052102
-0.04615449
0.01365170
-0.02645888
-0.02846998
-0.01007074
-0.00332750
0.03615257
0.03661318
0.06452823
-0.02112800
0.03036675
-0.05170593
-0.05008826
-0.02604906
0.03621462
-0.00462215
0.07188073
0.03656557
-0.03175435
-0.05412254
0.00975602
-0.01744199
-0.06442666
-0.02303048
-0.02149652
-0.04233357
0.05019026
0.07109979
0.06557930
-0.07933177
-0.04645895
0.03378048
-0.01911396
-0.00183105
-0.00783215
0.05478662
-0.06154482
-0.09245820
-0.01888423
-0.01113818
-0.04683043
-0.01306395
-0.00942785
0.03010106
0.06130781
0.01554695
0.04663833
0.00158506
0.01026501
0.00679190
0.02334059
-0.12363914
-0.01734937
-0.00449345
0.01348435
0.00165028
-0.02637772
0.00073745
-0.01469835
0.03221963
-0.05350567
0.07123853
-0.06713177
0.02388051
-0.01629628
0.07586103
0.04823493
0.08296243
-0.00955246
-0.02301238
-0.04094435
0.03664019
-0.05532808
-0.00425639
0.01629086
0.00837648
-0.01482867
-0.02087428
0.03248161
0.01258665
-0.03609077
0.03763230
-0.05664361
-0.06782763
0.04580401
-0.03322057
0.03981860
0.08573704
-0.06352226
0.06715857
0.00478315
0.03479837
-0.02842272
-0.00590611
-0.03309051
0.01119004
0.01176895
-0.03229383
-0.06228618
0.00503431
-0.00879545
-0.01923691
0.03576650
-0.06201254
0.05298121
-0.08797782
-0.05785544
0.05339067
0.00806167
0.00085674
-0.02518820
-0.03862331
0.01503587
0.03644971
0.05494966
0.00042549
-0.09188338
-0.01058760
0.01845416
0.06712439
0.02238273
-0.02822796
-0.02539957
0.02152616
-0.00877219
0.04757883
-0.06221981
0.02280175
-0.06499635
0.13582243
-0.03127349
0.01738355
-0.00756843
0.02312923
0.02708315
0.00262374
-0.06497502
0.02192909
0.01713953
0.01166094
0.01693520
0.03854632
-0.00843888
-0.03049883
-0.07925615
-0.03338862
0.09736903
-0.04101038
0.05086054
-0.07093825
-0.00072566
-0.00365330
-0.01508767
0.01339929
0.06691418
-0.05534503
0.00718525
-0.06520803
-0.05483168
0.03835554
-0.02727012
-0.01006913
0.01522043
-0.08739538
-0.03236631
0.01357912
-0.03792764
0.03042668
0.00870326
0.11821091
-0.06387020
-0.06086826
0.00269369
0.01128613
0.07416347
-0.02833412
-0.04143911
0.01258637
-0.02445376
-0.00821362
0.05250918
0.03324413
0.04105292
0.05815170
0.02336176
