0.08532767
0.02405769
-0.05794475
-0.04875359
-0.04976492
-0.03060424
-0.05293735
0.07419347
-0.00924987
-0.03686985
0.03252565
0.01135827
0.06618673
0.11317382
0.01381782
0.10176235
0.04119024
-0.10718121
-0.04135498
-0.06825953
-0.07901128
0.04752253
0.01386770
0.11089499
0.06599012
0.11007043
0.01225574
0.07395401
0.11974265
-0.05737831
-0.08657540
0.09453213
-0.06992451
-0.09528251
0.04981887
0.01818554
-0.03612609
-0.10014341
0.03310977
0.06809487
-0.11297227
0.08801197
0.08940450
-0.01631249
-0.03388731
-0.01378438
0.02049515
0.00388995
-0.12800933
0.00972852
0.03524830
0.06017766
0.08766465
-0.00321634
0.08461425
0.03494307
0.02260995
-0.05470344
0.06204856
-0.05511615
0.06414430
-0.08580827
-0.04930058
0.06098861
0.01246120
-0.02858059
-0.04090925
-0.03112987
-0.00930330
-0.07338197
0.05704577
-0.00563313
-0.09837995
0.07693159
-0.09608080
0.01758391
0.05380167
-0.13323298
0.06768155
-0.09886173
-0.01335366
-0.01486051
0.00671966
-0.05218431
-0.04310923
0.08434425
-0.01289005
-0.04639984
-0.04811604
-0.10995790
-0.00954420
-0.04303838
0.03579361
-0.09501965
-0.09886172
-0.13304909
-0.07566319
0.02701021
0.06652028
0.04355268
0.10887261
0.01355356
-0.06882751
0.03324177
0.00811537
0.06496751
0.02803129
0.06624760
0.06178477
0.09753399
0.09432939
-0.08759121
0.06729517
0.08148767
0.05204065
0.00819019
-0.00798425
0.02441719
-0.07956040
-0.06291202
-0.10821189
-0.07540684
-0.04246689
-0.02416524
-0.00137277
0.11389452
-0.06504967
0.03733188
0.06148160
-0.06746247
-0.00700591
-0.06319168
0.05045682
-0.08900977
-0.02306839
-0.07231552
0.01759203
-0.02347824
-0.01100865
0.07146049
-0.07272106
0.03989413
0.01637892
-0.02660269
0.05494474
0.02625074
-0.12392107
0.04239218
-0.05004584
-0.07616527
-0.00337917
0.11546973
0.03983211
-0.10795680
0.01835247
-0.04835681
0.07396129
-0.05244917
0.00736901
0.01662417
-0.01374586
0.02967431
0.04661651
0.06761777
0.06234241
-0.02185134
-0.03509023
0.04509304
0.02853953
0.02683973
-0.09499250
0.04402174
0.02016382
-0.04157108
-0.02606086
-0.03700415
-0.02773755
-0.04565022
0.10091737
0.05218552
-0.03894067
0.10099388
-0.00131691
-0.07912581
-0.01246700
-0.00901936
0.00109814
0.03103602
-0.04366702
0.04559784
0.00708555
0.02494658
0.02366105
-0.09483923
-0.06725060
0.01145567
-0.05148501
0.03214011
0.01267428
-0.07266285
-0.05077848
0.06345399
0.09875799
0.00515556
-0.06147686
-0.06034966
-0.05693984
-0.08295663
0.03040511
0.04350439
0.04450382
0.10911672
0.01898261
0.07567880
-0.07554223
0.02834414
0.05728161
-0.08504280
0.13542899
0.14215225
0.04202365
0.10423625
0.04469095
-0.03064772
-0.03485277
-0.01175625
0.05189691
0.02943214
0.02329550
-0.04924464
-0.07541017
0.04375343
0.02548614
-0.04799679
-0.04287675
0.10739717
-0.00925364
-0.06663276
0.12033799
-0.09689626
0.08652322
0.01525130
-0.04601112
0.02633242
-0.02247913
0.07100619
0.03730964
0.05392972
0.04431550
0.02400902
0.07210293
-0.04151472
-0.07344822
0.00902177
-0.09115680
-0.08440442
-0.06707174
-0.08184132
-0.08604264
-0.05545187
0.04708306
-0.04715458
-0.07981773
0.07836173
0.08354052
0.11864881
-0.07914006
0.05791650
0.04435842
0.15787981
0.01705724
-0.05542845
-0.29415908
-0.00292592
-0.00081870
-0.26343179
-0.07752722
-0.09244416
0.12524986
0.05673149
0.07802203
-0.12005534
-0.23442692
-0.14789912
0.04225334
-0.01047850
-0.17552416
-0.01594712
-0.02668360
-0.11664043
-0.19706762
-0.14572227
0.06839807
0.06715062
0.04583152
-0.19670080
-0.11287721
-0.06041658
0.02471045
-0.13176216
-0.07571124
0.09749963
0.25900188
-0.25308630
-0.01363963
0.09490401
-0.01793040
0.03382463
0.03499777
-0.14865398
-0.00411707
-0.18132570
0.15081502
0.10478769
-0.17879635
0.14196029
-0.08811456
0.31785482
-0.05512846
-0.10532697
-0.01122425
-0.10606925
-0.00059409
0.06378234
-0.01392179
0.01574443
0.03507700
-0.04512209
0.02571110
0.11011869
-0.00188038
-0.01116519
-0.00698608
0.02565964
-0.04144454
0.03479073
-0.03935464
0.04748044
0.02353162
-0.04134199
-0.04443925
0.03202456
0.08038938
-0.06080415
0.04188377
0.02848650
-0.03236547
0.06379208
-0.06744242
0.08529750
-0.08844016
0.10726831
0.00201072
0.07935639
0.01957898
0.00289224
0.00841617
0.04593141
0.01193225
-0.06266181
-0.06143377
-0.05589827
0.01535061
0.00176409
-0.04021899
-0.04653025
-0.00515497
0.03912137
-0.05582681
0.05686007
0.00830161
-0.01416630
0.05637799
-0.02509946
-0.05244211
-0.06571371
-0.00539816
0.00842782
-0.07596920
-0.03087061
0.00023374
-0.01058522
0.03836394
0.03016815
-0.03689829
-0.07040656
0.01002714
-0.03392731
0.03917210
0.02829073
0.01158612
-0.00188419
-0.07316636
0.06543065
-0.04632179
0.05015462
0.04158309
-0.03176191
0.01255173
0.06161511
-0.04138004
0.00795768
0.02328701
-0.03489126
0.06852730
-0.01937009
0.01249208
-0.08390590
-0.01446482
-0.00060600
-0.01674611
0.02389731
0.00308949
-0.01956130
-0.06863852
-0.04479027
-0.02071256
0.02799668
0.06376142
-0.03631208
-0.00168461
-0.02249434
-0.01641463
-0.02668714
-0.03000425
0.01905868
0.05925413
0.05571973
0.00066360
-0.04763824
-0.04993852
-0.03878202
-0.03832637
-0.05320054
-0.03378487
0.00440957
0.07532300
0.01379126
-0.06266508
0.02522145
0.03106308
0.08934781
0.04389320
0.01685532
0.02489067
-0.01836201
0.04542098
-0.04885241
0.00510993
0.01847725
-0.03664294
-0.01238941
0.01431368
0.03176416
0.04689609
0.02820153
-0.02390532
-0.02006545
-0.10125097
-0.08809566
0.00831904
-0.04564282
0.02940469
0.03204239
-0.02987221
0.03025296
-0.08657480
-0.05875118
-0.01599434
0.04506917
0.04161813
-0.05115446
0.05004507
0.02737607
0.07351886
-0.01803886
0.01861114
-0.04665920
-0.02794391
0.01647847
0.04995421
0.03980032
-0.03889067
-0.08590234
-0.04378010
-0.09514789
0.04270032
0.07841113
-0.02695742
0.07764716
-0.00684359
-0.01910223
0.00458095
0.01713071
0.06409644
0.09628199
0.00135796
-0.07695233
-0.02714909
-0.03642243
0.04998513
-0.06046919
-0.02869555
-0.00446030
-0.04368476
-0.00291742
0.02260746
0.07629869
-0.01482805
-0.07317875
0.02296710
-0.08435468
0.10596605
0.02580994
-0.00050372
0.03683209
-0.00409307
-0.09876125
-0.03232617
-0.02624279
-0.05063733
0.01360384
-0.03408600
0.00949852
0.01780582
-0.04317126
-0.08212046
-0.02119203
0.03048558
0.00223128
0.09950846
-0.02593467
0.03532538
-0.00270662
-0.03350022
-0.01182867
-0.01119447
0.04129358
-0.06384254
-0.04760347
-0.00381208
-0.03242003
0.05588048
0.01896867
0.02686306
0.02521435
0.03241847
-0.07171906
0.00825421
0.05217619
0.03455751
0.06266362
-0.01970148
-0.04350433
0.01545062
-0.00755666
-0.04619895
-0.02289067
0.03764650
-0.02180625
-0.07577872
0.04770998
-0.00464448
0.10482205
-0.02030311
-0.02799906
-0.05881746
-0.02360010
-0.00608699
0.07187863
-0.01359518
-0.06043438
0.00278251
0.01510730
-0.02269937
-0.02862996
0.02123909
0.01267433
0.02038089
-0.01235283
0.05364480
0.03770413
0.06278241
-0.02659415
-0.02210064
0.07922982
0.01721857
-0.04170295
-0.02691531
-0.04198429
0.09022749
0.05959740
0.01200236
-0.03690306
-0.04444027
-0.02468898
0.08476638
-0.01041554
-0.00214670
-0.00350259
-0.04824360
0.02347882
-0.04794785
0.02803147
-0.01064331
-0.01571472
-0.05946693
-0.01185951
0.01147363
-0.02090054
-0.01638620
0.01087792
0.04012996
-0.03420994
-0.06656752
-0.04912475
0.02054560
0.05727416
-0.01508617
-0.02126471
-0.02766842
-0.04020495
-0.02167773
-0.00990593
0.07066534
0.00228882
-0.02130450
0.01375949
0.03066276
0.01568194
0.02363382
-0.06017543
0.01586758
-0.00475080
0.02764908
0.04050167
-0.04591160
0.05529873
0.03282670
0.00246864
-0.00053701
0.01359111
0.02685147
0.05249047
0.00043948
-0.03376596
-0.04875584
0.02216545
0.04258342
-0.08890545
-0.00041560
0.03834739
0.00906821
0.02480233
0.07296577
0.04468637
-0.02605925
0.06557673
-0.06558841
-0.04829464
0.00373428
0.05873765
-0.00392106
0.09792447
0.02582645
-0.03489918
0.00635840
0.01918143
-0.07798890
-0.04369032
-0.01452078
-0.06783896
0.00585615
-0.01762492
0.07042434
0.05542770
-0.02685971
-0.07935409
0.05810533
-0.03166686
-0.00682982
-0.01637469
0.06912361
-0.06320948
-0.06440471
-0.06520548
-0.05952686
-0.07268512
0.00998967
-0.00487834
0.04395658
-0.00659341
0.05190050
0.01029429
0.00729627
0.01545589
-0.01193717
0.00991574
-0.12191618
-0.05621229
0.00355705
-0.01988675
-0.00799919
-0.04115541
-0.02583666
0.01238915
-0.00088265
-0.07761072
0.03689129
-0.01109815
0.03705307
0.04783783
0.02950496
0.05824075
0.06746760
0.03537090
-0.03124125
-0.04595597
0.06289524
-0.10067233
-0.00118525
-0.01466093
0.00584308
-0.06979101
-0.03197580
0.01319292
-0.02378601
-0.02042697
-0.01797661
-0.10563596
-0.03178087
0.03105179
0.00505743
0.02842711
0.03145632
-0.05656153
0.02004471
0.02501953
0.03077573
-0.03582948
-0.02284971
-0.03924888
0.06183000
-0.00609448
0.02084499
0.01230206
0.02421426
0.00864202
-0.00057800
0.06940224
-0.06790007
0.05381187
-0.05583694
-0.08468121
0.05506955
-0.00530922
0.02306736
-0.02377161
-0.03089709
-0.01449538
-0.01225148
0.07299612
-0.02870489
-0.07428481
0.03727148
0.05750248
0.04971176
0.04692325
0.03294960
-0.03383072
-0.04690528
-0.01165460
0.02504409
-0.04861379
0.04155832
-0.04100788
0.07663117
-0.02117414
0.04215511
-0.02845908
0.02890569
0.04786184
-0.02732371
-0.07074980
0.05107707
-0.01682837
0.01981999
0.05257953
0.05504298
0.01378954
-0.01475401
-0.00797841
0.01737251
0.07410201
-0.02973023
0.04128492
-0.05953410
0.03773668
0.05994728
0.03715774
0.00306584
0.04849155
-0.01600504
-0.01207480
-0.03944433
-0.03791777
-0.00064249
-0.03450087
0.02201101
0.03625563
-0.07145244
-0.00461073
-0.01026119
-0.00022087
0.02483970
0.00986606
0.09022773
-0.01212675
-0.03934553
0.07103557
-0.03273107
0.10143872
-0.00596409
-0.05464579
-0.00311475
-0.02019127
-0.00592085
0.06927975
0.06822074
-0.01143456
0.06105425
0.04547803
